49809181
101351930
66713841
86396211
57331077
113423589
42490602
121547612
132345033
84141424
18984269
72360704
55618805
29492867
68181811
74080912
52116309
77453663
48786792
53516575
47713136
51723354
120605222
79682570
128056045
43471375
115461644
54458078
65151599
31506358
59354455
103690104
93192910
131633644
25957941
29753626
66849254
22745965
54085296
21054984
73054376
80417001
28402831
123680892
123110465
20890983
107272488
88651337
44877089
30162372
78304512
98515609
107560737
47914160
123603330
61180656
47237540
131740507
107161974
116870055
115751404
102574527
11053091
21178783
119602359
89437386
62022766
100398601
70601514
90998378
84879409
9728269
124842946
111423903
64066859
91278951
59434830
22271606
47685996
106668194
125824497
62823647
56642441
122788199
56500462
91734242
76283784
77205165
83069119
51037180
93219718
102654057
91891254
65200703
58933836
44440014
81822362
51618226
69545516
101533865
16534310
70438500
87590216
45084761
69657189
91025483
29034275
66335817
103183508
108094658
97398436
28371013
23710073
55905074
123473227
125349086
87696912
75978942
31662873
5778911
81364630
94933232
53164452
27871847
7846078
11331167
9630365
62648784
126476090
93106086
126856793
89574496
71808486
36778668
5765708
94328261
74654749
79994236
59734456
117770560
24577037
49718862
6245672
90770058
131767895
32821321
127426092
45148952
58557370
129908398
118006443
66058674
133260944
97035139
129122245
100305052
41273694
110389460
44676532
35500094
76101129
100928017
48694440
23188528
25547481
11349357
73069265
74990641
127013087
71641057
1445823
45933809
42632075
49144689
5249383
97565113
21681232
109287958
110360129
20305174
50760005
78540538
69671566
103548529
83438600
31826405
131676965
69893674
84120239
47136992
86851752
27728892
46998932
53828673
116188704
80846851
90619736
71078758
6998616
79626293
84067186
13567101
13746170
96812285
40691270
11700634
57516982
56940918
26557293
106898158
75948342
16577906
28594364
34487152
41022912
123437209
71762946
84049009
84984307
123351848
39868491
39295074
31869789
124109896
66003030
62280705
49195407
43340746
15017180
101527871
33285611
77254112
33119149
42892748
10697712
116867268
16755982
31165523
47872390
46513278
29343120
58202686
91022971
132550219
112617709
54955985
3826174
98883438
55362230
127116915
4070283
46124228
109356576
67557472
35855824
55504711
112868104
112967855
76657472
65593997
69706317
111311753
106126819
77892029
36342083
32122999
74049790
73635562
23198839
50621402
21670897
220527
46299941
71136362
28825622
40809346
88034701
11403780
6810287
82656423
19940079
69543959
15365140
130458193
40169613
50488821
41183910
111544747
85006026
31518926
3902738
125613078
98472024
79482761
115866648
91643629
122287646
7886127
104608441
23337283
117504029
124037181
94171558
83649427
95512549
115271168
6043833
130663184
59341376
1437853
108965307
131507836
67724086
3366775
62034761
107724748
109003829
22899565
94514362
77643592
118753399
115308210
21774396
45273487
69836096
85982473
3660932
106251048
54639318
72947575
62723567
128189391
38495603
83903661
57076491
79311956
43728684
13739967
122301437
42171214
23001209
16147588
81478401
69322262
49433384
2682708
117268266
73284698
59866672
69184143
110686479
82285960
114545314
101865163
2201724
84850755
42065935
17669207
3785011
74670931
70995684
74395237
33547028
95942245
31087730
9082997
59872942
26470579
16692608
65843649
50339008
1860505
13092074
2136215
92177001
4323807
26689657
51589302
103085180
93577454
68505883
19555394
25910402
4747274
129908394
80798803
81591609
7280068
110483134
88686220
18091301
84510634
29548327
110222937
4631261
63527521
27466694
62640187
44244550
95741392
32210467
92497950
12702875
124062741
54719574
47210368
118431197
124345869
102058147
106700328
125383052
42503294
9910144
1180993
121055052
49816317
1383053
93301291
85152219
58428292
112290599
13349292
17960696
82109624
79228863
133498875
113698172
38827610
102085571
30534155
14960339
34764095
102024898
13832463
50154507
130351774
3959303
23053964
59808495
6897546
30179164
59248083
110139428
48721008
123175043
27171759
4165152
32005643
9168980
84938595
51960010
17090155
91035862
57890708
64458774
45728465
133250933
51296176
105666400
127240754
37036537
67277724
65088349
18903635
59709415
131395115
84525873
40813491
127842686
44216323
49375375
8335634
80381395
6456959
16812936
76555876
31796597
66124637
53780180
127423032
58775150
106144899
57205285
42056337
118470138
34211618
71617940
132956686
44043680
51452695
19294052
922863
41667082
114339291
104923146
83720637
30336516
86763033
127327264
65568865
8427038
112138232
28322021
106163416
37697098
83739061
125751735
47636406
26020201
2394593
69867154
116977890
114809201
59657940
37921174
88738566
44048426
62087292
85782344
106518562
31003448
31314914
61550365
27201845
20962521
116677914
12179942
98940454
18069913
70954125
73696945
117379463
22541102
15766290
96546054
93044043
114246549
109571579
42902926
41516999
112431760
75691613
78283503
97414283
60023296
81578441
14327794
41047315
5041819
68095711
30748833
46729863
112721387
33696013
87265003
6738883
59331697
97516185
28186439
29634555
106182588
91488394
46754143
73002172
116320569
24136511
82108136
44244128
91341928
21187495
73588447
13931980
100168851
29407268
111808972
101599274
128090992
124380418
92936922
96895443
117978617
19437330
45082986
44734981
22381836
32904416
33904047
81962646
102573587
106455516
107015470
4170958
60590454
94064718
22477949
26499784
113786997
104183739
125046694
96402811
31912306
120305629
102381447
133115626
23886183
42043945
66717579
1175235
115556878
114433554
39012580
2669672
13456397
95070160
102001192
118662973
45036108
37857508
51218669
107601692
56429560
10491939
93483701
90724166
132262210
45517065
108613544
133661023
15433617
22953120
95059777
27145378
122147951
127498956
42484213
130719441
45363878
114093020
16725369
90634285
47601727
125452242
11590732
72362346
105284185
52402080
37128311
128435414
43451173
24539118
112626384
115892438
73663533
19984944
85216005
20149187
32311461
5211280
20855660
35153892
110752937
84765162
55679782
127579789
128878059
23562896
129563876
22044087
51272182
63184119
66639389
12062570
103058041
31418077
74423991
30812459
49244624
88186984
117307963
81207016
53642251
101067073
3155784
104757515
108795719
128018449
44568762
28359721
91549904
90062150
78014873
32426030
653955
66889333
25769756
114196416
40514579
51300223
102389309
10124983
50137432
132362961
57793977
48499830
16935790
118594448
113010324
81279647
133741578
62531203
96979176
103471242
14832709
132577127
72618406
18468785
80641436
67469837
58196849
79124734
111621589
85788897
33751477
31415914
81720419
19707702
23027035
38434728
125167704
38139757
23174955
92269873
12369038
81947044
66740009
129470943
55095939
100530535
74866158
13837301
22957026
89147520
115323910
21279557
73134483
56144108
35251664
20023760
50419541
23931926
15688842
109702772
88172542
125878427
67730828
72872910
45977643
133604360
36866571
113959243
61911838
78917896
119113633
59338051
98978075
36632032
3710593
68459557
38751539
24687085
84719496
44236429
85285681
109705630
127611971
128774053
78128774
95033116
19406883
119712941
18284025
10254657
49599665
52122644
17233649
22943476
19196624
9965798
51968883
95131726
123507552
108976812
12109676
29836184
52932614
57449332
10800392
71232528
127853155
129456250
880595
46431749
66467287
34271795
93874317
11097171
26200838
89509563
9095317
26786570
38515644
115530552
123865301
67007190
3477551
89605392
9605668
112690204
114137330
50936564
12691437
50700707
52045826
131242294
53341672
29804381
4729233
44842144
27189574
126589601
19383089
128694135
29645818
99365750
1907413
47685265
35976372
126875888
16944416
96065449
111381120
95573104
114867498
90566344
43973005
67459776
103338423
18392321
82355799
114666113
8992721
72599468
30657534
3574499
126697113
91196043
75309995
12852906
8329526
29014332
1448026
49693180
54328657
127669242
24181659
37590035
26902692
6471621
130466536
63144020
3629481
20250919
67262531
74761062
96189686
100596273
17488226
133644130
24690150
111040408
12141571
102793381
44192890
27227501
17169985
43547339
44043035
113572538
37221487
15813122
11980240
49867869
63890376
56497442
123298498
67356447
33421579
67404139
126783829
26499520
128917170
31697257
55482246
81958432
23307903
13878913
3911172
125665967
111981543
96738854
119401145
81313916
114833081
48142382
111639303
120150874
1445128
12546733
128363679
96404482
1308052
80717240
93099768
76137814
96648018
9387938
39317632
95339053
74029092
133113875
32175285
91854141
81826838
99137422
9849364
101940715
117931844
21862441
81600956
74394941
43372201
14260005
89878451
78761879
36514429
121508340
6058901
123119877
91391279
120587128
120136291
4490500
21300077
6193105
48404935
68090285
54225943
56437571
19525814
6144792
11356405
131051677
85838761
92694054
83922734
124276275
24810235
27649735
78173658
81629123
100553627
37021199
50088295
110154982
113886264
100538370
79117612
9045027
120504837
131805659
54214107
23668830
68868867
24844163
113248653
48662524
56444435
55864230
110804079
63114609
132373054
132982932
10855103
9281482
41679971
28046393
116952504
71997859
107271743
31429558
51779376
20639566
34503281
5083831
98759233
10568484
71777339
97615149
125192104
106412949
49839719
41893929
51246255
112930522
76449987
109145086
30864066
91708721
68837186
91017030
84515653
30228831
40172748
55542332
