55542332
40172748
30228831
84515653
91017030
68837186
91708721
30864066
109145086
76449987
112930522
51246255
41893929
49839719
106412949
125192104
97615149
71777339
10568484
98759233
5083831
34503281
20639566
51779376
31429558
107271743
71997859
116952504
28046393
41679971
9281482
10855103
132982932
132373054
63114609
110804079
55864230
56444435
48662524
113248653
24844163
68868867
23668830
54214107
131805659
120504837
9045027
79117612
100538370
113886264
110154982
50088295
37021199
100553627
81629123
78173658
27649735
24810235
124276275
83922734
92694054
85838761
131051677
11356405
6144792
19525814
56437571
54225943
68090285
48404935
6193105
21300077
4490500
120136291
120587128
91391279
123119877
6058901
121508340
36514429
78761879
89878451
14260005
43372201
74394941
81600956
21862441
117931844
101940715
9849364
99137422
81826838
91854141
32175285
133113875
74029092
95339053
39317632
9387938
96648018
76137814
93099768
80717240
1308052
96404482
128363679
12546733
1445128
120150874
111639303
48142382
114833081
81313916
119401145
96738854
111981543
125665967
3911172
13878913
23307903
81958432
55482246
31697257
128917170
26499520
126783829
67404139
33421579
67356447
123298498
56497442
63890376
49867869
11980240
15813122
37221487
113572538
44043035
43547339
17169985
27227501
44192890
102793381
12141571
111040408
24690150
133644130
17488226
100596273
96189686
74761062
67262531
20250919
3629481
63144020
130466536
6471621
26902692
37590035
24181659
127669242
54328657
49693180
1448026
29014332
8329526
12852906
75309995
91196043
126697113
3574499
30657534
72599468
8992721
114666113
82355799
18392321
103338423
67459776
43973005
90566344
114867498
95573104
111381120
96065449
16944416
126875888
35976372
47685265
1907413
99365750
29645818
128694135
19383089
126589601
27189574
44842144
4729233
29804381
53341672
131242294
52045826
50700707
12691437
50936564
114137330
112690204
9605668
89605392
3477551
67007190
123865301
115530552
38515644
26786570
9095317
89509563
26200838
11097171
93874317
34271795
66467287
46431749
880595
129456250
127853155
71232528
10800392
57449332
52932614
29836184
12109676
108976812
123507552
95131726
51968883
9965798
19196624
22943476
17233649
52122644
49599665
10254657
18284025
119712941
19406883
95033116
78128774
128774053
127611971
109705630
85285681
44236429
84719496
24687085
38751539
68459557
3710593
36632032
98978075
59338051
119113633
78917896
61911838
113959243
36866571
133604360
45977643
72872910
67730828
125878427
88172542
109702772
15688842
23931926
50419541
20023760
35251664
56144108
73134483
21279557
115323910
89147520
22957026
13837301
74866158
100530535
55095939
129470943
66740009
81947044
12369038
92269873
23174955
38139757
125167704
38434728
23027035
19707702
81720419
31415914
33751477
85788897
111621589
79124734
58196849
67469837
80641436
18468785
72618406
132577127
14832709
103471242
96979176
62531203
133741578
81279647
113010324
118594448
16935790
48499830
57793977
132362961
50137432
10124983
102389309
51300223
40514579
114196416
25769756
66889333
653955
32426030
78014873
90062150
91549904
28359721
44568762
128018449
108795719
104757515
3155784
101067073
53642251
81207016
117307963
88186984
49244624
30812459
74423991
31418077
103058041
12062570
66639389
63184119
51272182
22044087
129563876
23562896
128878059
127579789
55679782
84765162
110752937
35153892
20855660
5211280
32311461
20149187
85216005
19984944
73663533
115892438
112626384
24539118
43451173
128435414
37128311
52402080
105284185
72362346
11590732
125452242
47601727
90634285
16725369
114093020
45363878
130719441
42484213
127498956
122147951
27145378
95059777
22953120
15433617
133661023
108613544
45517065
132262210
90724166
93483701
10491939
56429560
107601692
51218669
37857508
45036108
118662973
102001192
95070160
13456397
2669672
39012580
114433554
115556878
1175235
66717579
42043945
23886183
133115626
102381447
120305629
31912306
96402811
125046694
104183739
113786997
26499784
22477949
94064718
60590454
4170958
107015470
106455516
102573587
81962646
33904047
32904416
22381836
44734981
45082986
19437330
117978617
96895443
92936922
124380418
128090992
101599274
111808972
29407268
100168851
13931980
73588447
21187495
91341928
44244128
82108136
24136511
116320569
73002172
46754143
91488394
106182588
29634555
28186439
97516185
59331697
6738883
87265003
33696013
112721387
46729863
30748833
68095711
5041819
41047315
14327794
81578441
60023296
97414283
78283503
75691613
112431760
41516999
42902926
109571579
114246549
93044043
96546054
15766290
22541102
117379463
73696945
70954125
18069913
98940454
12179942
116677914
20962521
27201845
61550365
31314914
31003448
106518562
85782344
62087292
44048426
88738566
37921174
59657940
114809201
116977890
69867154
2394593
26020201
47636406
125751735
83739061
37697098
106163416
28322021
112138232
8427038
65568865
127327264
86763033
30336516
83720637
104923146
114339291
41667082
922863
19294052
51452695
44043680
132956686
71617940
34211618
118470138
42056337
57205285
106144899
58775150
127423032
53780180
66124637
31796597
76555876
16812936
6456959
80381395
8335634
49375375
44216323
127842686
40813491
84525873
131395115
59709415
18903635
65088349
67277724
37036537
127240754
105666400
51296176
133250933
45728465
64458774
57890708
91035862
17090155
51960010
84938595
9168980
32005643
4165152
27171759
123175043
48721008
110139428
59248083
30179164
6897546
59808495
23053964
3959303
130351774
50154507
13832463
102024898
34764095
14960339
30534155
102085571
38827610
113698172
133498875
79228863
82109624
17960696
13349292
112290599
58428292
85152219
93301291
1383053
49816317
121055052
1180993
9910144
42503294
125383052
106700328
102058147
124345869
118431197
47210368
54719574
124062741
12702875
92497950
32210467
95741392
44244550
62640187
27466694
63527521
4631261
110222937
29548327
84510634
18091301
88686220
110483134
7280068
81591609
80798803
129908394
4747274
25910402
19555394
68505883
93577454
103085180
51589302
26689657
4323807
92177001
2136215
13092074
1860505
50339008
65843649
16692608
26470579
59872942
9082997
31087730
95942245
33547028
74395237
70995684
74670931
3785011
17669207
42065935
84850755
2201724
101865163
114545314
82285960
110686479
69184143
59866672
73284698
117268266
2682708
49433384
69322262
81478401
16147588
23001209
42171214
122301437
13739967
43728684
79311956
57076491
83903661
38495603
128189391
62723567
72947575
54639318
106251048
3660932
85982473
69836096
45273487
21774396
115308210
118753399
77643592
94514362
22899565
109003829
107724748
62034761
3366775
67724086
131507836
108965307
1437853
59341376
130663184
6043833
115271168
95512549
83649427
94171558
124037181
117504029
23337283
104608441
7886127
122287646
91643629
115866648
79482761
98472024
125613078
3902738
31518926
85006026
111544747
41183910
50488821
40169613
130458193
15365140
69543959
19940079
82656423
6810287
11403780
88034701
40809346
28825622
71136362
46299941
220527
21670897
50621402
23198839
73635562
74049790
32122999
36342083
77892029
106126819
111311753
69706317
65593997
76657472
112967855
112868104
55504711
35855824
67557472
109356576
46124228
4070283
127116915
55362230
98883438
3826174
54955985
112617709
132550219
91022971
58202686
29343120
46513278
47872390
31165523
16755982
116867268
10697712
42892748
33119149
77254112
33285611
101527871
15017180
43340746
49195407
62280705
66003030
124109896
31869789
39295074
39868491
123351848
84984307
84049009
71762946
123437209
41022912
34487152
28594364
16577906
75948342
106898158
26557293
56940918
57516982
11700634
40691270
96812285
13746170
13567101
84067186
79626293
6998616
71078758
90619736
80846851
116188704
53828673
46998932
27728892
86851752
47136992
84120239
69893674
131676965
31826405
83438600
103548529
69671566
78540538
50760005
20305174
110360129
109287958
21681232
97565113
5249383
49144689
42632075
45933809
1445823
71641057
127013087
74990641
73069265
11349357
25547481
23188528
48694440
100928017
76101129
35500094
44676532
110389460
41273694
100305052
129122245
97035139
133260944
66058674
118006443
129908398
58557370
45148952
127426092
32821321
131767895
90770058
6245672
49718862
24577037
117770560
59734456
79994236
74654749
94328261
5765708
36778668
71808486
89574496
126856793
93106086
126476090
62648784
9630365
11331167
7846078
27871847
53164452
94933232
81364630
5778911
31662873
75978942
87696912
125349086
123473227
55905074
23710073
28371013
97398436
108094658
103183508
66335817
29034275
91025483
69657189
45084761
87590216
70438500
16534310
101533865
69545516
51618226
81822362
44440014
58933836
65200703
91891254
102654057
93219718
51037180
83069119
77205165
76283784
91734242
56500462
122788199
56642441
62823647
125824497
106668194
47685996
22271606
59434830
91278951
64066859
111423903
124842946
9728269
84879409
90998378
70601514
100398601
62022766
89437386
119602359
21178783
11053091
102574527
115751404
116870055
107161974
131740507
47237540
61180656
123603330
47914160
107560737
98515609
78304512
30162372
44877089
88651337
107272488
20890983
123110465
123680892
28402831
80417001
73054376
21054984
54085296
22745965
66849254
29753626
25957941
131633644
93192910
103690104
59354455
31506358
65151599
54458078
115461644
43471375
128056045
79682570
120605222
51723354
47713136
53516575
48786792
77453663
52116309
74080912
68181811
29492867
55618805
72360704
18984269
84141424
132345033
121547612
42490602
113423589
57331077
86396211
66713841
101351930
49809181
