35505676
2712205
90550532
68458491
36279157
65169404
68482790
126238933
129779376
23073276
21705001
37711176
128436892
115037757
72435154
736658
76506434
26748414
75488392
87452725
85041565
34951514
36347430
40971889
21920354
17076636
78168660
100390703
14325020
77705915
6169432
36509381
117066080
61892115
69616303
132101836
82852945
60572239
1628643
131464133
47407415
125389830
91754558
61536777
120824180
42084551
16613907
1540960
71932893
78813118
45541557
125697460
80819268
18741680
24379176
63744914
54611270
91444145
122469629
58936023
114459533
87942251
15687175
21970280
11092843
74093341
20424683
10522024
38009255
22088497
52784315
42341458
12295720
33648559
128311815
104815150
13660148
101879557
96763152
117252544
22417698
9145558
126031341
118831000
54157725
85670836
68327433
38370791
13606049
42140307
106595044
102801993
100291152
20333883
128076437
114150792
112655647
129256148
80157175
51126337
34750679
112949370
36175951
119779238
113452530
2246278
98463215
114741896
76863119
112460262
86311966
68852992
54246251
96886289
18950148
2264544
46392875
131212619
10311837
93457630
111889502
100961215
120308471
121857680
127838818
82092167
112919224
79778058
25811183
51786940
40489462
5265051
38040069
43068411
128882831
58281756
100995655
116687910
100649895
41878059
117502103
130261791
2894302
25602282
94708168
95423077
116590170
80162809
100574844
60774831
10725473
31827260
125388110
10541306
114548031
26357212
43935487
14452260
20528020
104763340
14248465
113244557
31524464
117200800
69354946
11049222
16742485
64362373
117381314
16199411
37741107
55431694
32148498
61433698
99914675
18258902
2285621
121676873
23024336
97886475
26977966
1973175
130575090
133933643
23405534
117282840
74294161
26502896
12419417
18695022
101872827
60939163
49250952
49600549
82895853
111804326
83393074
92711905
12631964
8499864
86579952
22462070
73272592
76162646
4030802
19479202
9941031
47906253
57254835
24651762
7358535
127538172
10973114
29698647
57058556
39369569
90127419
71224513
100266047
3870536
71407816
4870768
89435172
34652727
44901304
30324510
124940947
38518256
130796015
73012418
110180868
43006331
72690652
75111121
131564085
63818091
34861006
7255423
123409948
56688141
117106708
41227167
11959107
106073631
14460168
76749224
16080057
1519321
104654406
78079736
118998032
6914019
98347688
20222678
22074019
88843785
113768737
65524948
95530164
87893730
131245873
13235220
131004839
85683752
4900522
85146452
121043477
107352381
44253362
3269083
117344993
82991063
130214575
122630942
107234777
7660152
44883485
92774520
69807548
115069074
31722623
65602298
4967329
37666444
82913415
90839541
80957842
23425849
94881908
72085788
53365827
80078604
107596012
13418461
19437595
21949413
14833876
116382454
103635417
47933865
35609086
35636332
44129915
48254787
104044987
21284749
64478351
27867894
20233053
22424815
91103321
30526901
105578870
27748975
8349674
31610014
106902785
86975468
74841971
115121402
70834178
8004328
48559849
50750277
38419997
130411802
91852102
15142439
7961458
121603862
94716085
15924875
110175604
86214467
130290159
74217906
72600533
11738605
84142998
15046574
59878361
130708742
15361567
76369786
697826
133196775
94446241
58145268
66357041
93021296
3473889
45308734
90187299
22793724
91995884
45592450
27964391
42249530
75897861
115144974
66574619
110467320
72392237
86348551
93063282
17305994
42837776
382305
25665352
107689979
5069470
125984969
62322791
89830180
46000536
124430679
133345456
115137936
133604505
28235826
65526421
88419051
31061233
109404852
54104286
129461956
17348467
46104199
31069367
117084583
62772724
65408703
116676662
123982457
101393750
116826184
63679238
12945587
50005886
5324576
132966313
6992752
26078433
16908238
96622918
42305425
91145194
117131731
68126511
117826921
28892273
55303833
128590692
93810471
108737714
8568350
49957101
12093120
68119978
62329181
14275027
22662239
1625750
70055774
20019848
46353953
97054619
72045299
52677419
103070208
99463589
9589922
90962640
123871209
89578052
127690977
14194921
70705338
125105606
123350603
111481668
31759707
92384445
99575952
82229883
126895671
34960633
17499622
108034820
6884793
22882608
42435769
98451153
65331615
42393760
45650164
45525516
14803845
24770443
121940962
1491711
89927753
97431334
91721466
79292711
53008946
57052552
128904122
104047054
115502064
122613952
103319434
42947302
76813416
40563747
58876099
23881805
53312851
66622215
114066625
116130443
18108698
59175237
93359037
15876733
15810621
44303475
34646000
73283932
15212614
14303904
44272627
95259450
8387673
114006444
71051834
112985936
7443951
91793807
93231103
28186774
107368711
44920014
664740
69921092
21144005
288485
98042631
48648090
94309946
43677219
47125865
133539678
61404180
131479660
17988684
92966981
5805211
82610484
97781958
121542164
125004731
26263936
16484931
94277517
83176456
70562232
50012318
98841456
3210802
110990591
74044102
93436707
116775114
13903956
111833829
91481069
67721802
118642004
54964466
7396484
103182612
63567818
93245214
16782175
88968598
60650066
27765387
47604043
38252309
40381293
123723992
123059766
4682870
107097503
120849999
73176463
9061149
61196928
31965314
94627201
19134167
42664593
125522966
119070162
128488401
34750428
891773
76740446
83153572
79306063
118715047
53056522
106123758
18577367
20347666
36195649
100308287
28757526
105707375
25169619
34785530
72234337
128334124
76820270
125443058
59648338
133525992
26798020
28719046
128210365
69457426
63466652
27243743
60916092
121392404
51210760
65493812
59727549
20151839
76562330
10681112
63634392
7696240
39155734
122528803
60749973
100596088
64219429
83214498
29743505
112256532
92704495
15039494
63460465
9293048
46296703
110857742
86403228
46044498
82312345
1537530
89500314
88766061
61925531
109646491
926475
85330055
17047745
66228156
66718252
125954647
109184865
109257833
118776332
5213535
119120822
69653029
33127234
47769192
53339481
120083992
113194393
7357797
91686732
124024008
31424953
107718893
48933221
129888931
5164103
123936777
82017282
78946189
121900411
11670718
52551099
101270910
114423340
37768169
109474770
26480073
51008315
92986447
122002849
70485394
130643774
104780353
47221871
30057550
131465070
131103853
99367196
10781551
130417682
32295213
3836599
20443556
46132446
108462894
51477936
60551477
81072503
94736261
91903249
126709380
77107762
41298006
111946041
4276852
33663631
124927274
72649644
92405909
55650887
101875672
10211697
82486103
84007163
10530401
3935165
102289937
118247155
16914460
112051865
133686743
97104885
39680591
89885165
100832264
108565883
95014622
51379096
58237572
13907553
56008871
76382886
94258192
98944756
63259252
28219098
62889179
133601259
60257714
126448963
45882054
102644113
123127873
36117471
99691492
61712021
60181407
119399948
57397357
3140860
25775251
27328591
129864073
56274381
100312372
35984736
28005161
58805356
22478393
33563727
99095162
113634104
62299540
37209302
103156616
46945891
72976888
5754647
5104162
80795267
13764228
44554940
23978262
133559772
6458625
68084676
99087813
61782713
14899242
29546544
122258386
114620327
106876873
107950638
43260392
23240476
94076426
20585626
31942806
64225131
110682044
73692065
39997891
21242612
31859429
132506715
65275818
60395305
21403685
22312531
19806807
111230401
121812569
98074418
99935259
41525179
84454487
99488319
83304452
67623591
109367627
131555734
53495674
99663068
59161403
118041905
73012800
26531323
57799159
28980039
111547756
98482039
48781080
8356850
41845203
91622371
78514571
116574358
25926302
31073927
36758600
24398305
125233067
106080123
38343782
39846394
15086490
56478053
61895279
34488375
88929012
128362853
56306937
18909859
51380218
111559816
84984152
2606603
2193273
84239585
71610063
89460088
7106889
51594377
30811702
41623897
49679131
83579654
19184534
112228416
126259751
81292015
75920540
48900472
17264422
127164766
45702524
130369589
83922524
71824419
77906355
43075199
34250994
131048939
31367525
27881674
17520608
94194409
43743833
43216764
83573034
5032493
58865627
111610362
130186230
2838199
113302686
125699110
556163
31830821
11467484
81423148
125330805
64729055
104825163
90306048
58792650
35398053
71827313
6815222
56257477
120031493
20350967
10258249
31874297
66571568
101891907
93653334
53064741
52927429
69159600
28080198
42078189
90110209
130352139
24628442
78219816
16519631
42648286
62825934
68058885
107393325
34015416
4753614
37831256
29600196
41259054
8411694
128984514
120928705
103927371
60376813
5122141
123883606
20806739
19242731
5792632
57944161
89399388
130531243
5352293
127531687
2575010
44639726
61885308
121412307
128126761
67524901
23102053
37763536
9855487
80539793
43610790
27676750
123384416
100780695
69666427
98299766
46271782
15557302
27323770
91392042
70738781
111750444
68277757
44571627
50177329
103195732
56544263
97617440
57541143
95119854
111135451
80736283
89613291
22647886
98183689
47265280
565990
44263222
29318416
8573334
105454509
3004267
1746743
122299756
3514306
97695981
100285428
114260783
45438738
22687933
131857432
89072673
67102515
122793783
128195810
92626451
114928815
89355840
80538620
124734403
74036209
37026707
36325964
85686221
89486399
16265302
1728954
81499842
105891729
41349061
110552243
40150601
46395948
24971107
95716173
106719744
49006701
67292680
55614576
11242990
18953947
29581648
98601843
38163134
59767917
104634536
15133761
119103459
114346591
108740060
103249264
36138219
64292153
57095271
43919092
2923702
113664956
