53933771
70894953
103662508
103179979
6869932
5019454
26788095
108440618
123548621
102514041
25403242
3115177
115705573
62441232
126272606
88979060
39737321
111174328
81315041
125217668
77285329
18328027
60351730
490082
119380870
9315392
95717080
73632490
16467024
18408282
73430944
92937173
41905715
83993490
97716605
12205451
9477639
24988351
100829327
83061567
100657863
133792570
99823708
124449982
128589052
106038857
27435517
93457398
70674524
117807332
112503025
48799458
107479842
13391972
109407374
19811374
59004623
107442930
132864015
18524796
39486137
45899124
37375182
52361172
46190257
126136419
48172742
8091024
84481814
89777344
127152026
7019622
3672444
97152327
64328511
63485443
132694126
47857481
45820680
7309135
48942875
18499952
46096908
95029405
45115336
67471025
123618067
33705163
88288872
93242590
59826091
71068976
38614400
112779506
8910983
33117885
71945074
107235871
6673149
128345190
69947867
92684865
51440592
25986051
93779166
32395288
109789833
73361716
45169476
44593435
112166669
23287047
56070038
11403622
38285791
24496266
20402993
114237964
76586365
51044110
111759153
106252791
80054965
78147239
17562442
27309185
100944218
119109359
7091047
7871426
44295573
99797954
32753152
115454510
61626807
17424971
66081248
53302804
93516825
87676148
59406648
20631889
76798769
85239428
17107813
88060188
116849108
97456148
25624099
77064105
51378349
87366963
58839917
36481627
26422353
117906793
58273239
8234711
105695629
132908635
34209735
81339487
86893972
34050888
7451250
47800189
133608561
122139396
49923575
40157525
115253085
24406749
11982215
100510168
89570475
82710621
72766282
25360704
6305676
69616878
27265803
122969771
56639182
89841563
84891606
111829731
81430118
90564933
27051592
22464037
2378623
119510577
57703354
105089473
50982547
10384152
43884830
57031709
12040558
9026215
31527234
3351232
76912952
128083402
42703481
26312926
19867639
131593432
122393040
57102763
76800942
85443226
129422652
101551945
17381201
116394224
47283672
124274205
98242901
83117502
98340648
26350412
125351747
22702928
36492157
65783409
111865229
7259904
107282989
107059868
68527363
8982598
56409038
631960
53273852
20609466
4288175
77984303
27211523
35533449
126342458
29977423
14690565
112582304
70387426
83693902
108025431
62800465
91855874
4728486
22789263
85168714
104413381
41557766
42008080
108541909
92729458
6582814
29284766
108476527
102730283
70659401
8415794
49749646
64264457
61903100
10705632
46829966
112068290
73620601
131509177
32696196
42240370
76339786
37626114
7229758
85732469
81367782
66117358
57371588
40627148
11511240
77451810
104261295
58417611
94729071
84438941
49843308
114422691
26615569
68957589
40347538
68421198
82169034
57724072
82679583
49934785
33324514
73838885
53535514
73904533
60169066
132634142
57084997
119323735
110803256
75719626
111336117
59941762
51545132
23146446
130260700
44876189
57116385
27465341
3698134
40722819
124870866
111655898
24647617
102632990
15659140
19310235
88624146
3015548
71223810
73970861
24780361
6173611
100328843
97292567
22637396
76675242
69634782
16913921
86127739
84531695
128283805
86369853
104166290
26722087
94897046
94871140
85050948
127107576
130403322
53229612
40742611
30889671
31258322
86349054
33601353
49371623
122092267
6801164
15324004
130446253
99876353
17538969
114015850
21311266
1333136
4639584
87375965
73791976
69084684
94044873
3868756
112572775
43585650
4590530
108010441
68351123
44997067
114279081
94655220
32605725
17074359
11794498
26422795
115600880
129109010
125572213
124604368
130055569
6360391
53747859
101104145
114260474
70679432
26697090
59018881
69232539
53960328
129100924
47125430
20802027
68506549
81483754
62925754
58634179
111744597
20673084
108276526
65140474
88040869
114210921
108207947
46294732
39407369
64301548
54868309
90007875
92506278
100741306
96359271
133792296
125918261
121776472
116580207
13756382
37156762
3002350
47425592
45689335
56963018
55354644
59062507
108109529
21454262
4901739
112046193
98220828
60317686
43883715
86227513
88671315
39044088
48389989
110740795
57024063
89134293
72348254
9887001
92044742
23999775
131090952
79587146
37499333
22162017
54165662
57295286
16970279
80061125
71357639
32864599
28677833
117956918
54449454
103523505
38587234
121608941
84116561
31326556
64606242
75698881
74635675
32741407
55573483
132797424
5640953
53131645
73158258
43854879
84293468
50976605
91571595
46954112
6358459
18893156
52916884
83429260
123658342
67369890
29826526
13166030
88074607
67229820
133108310
108689509
70303938
48896196
88982005
83270614
38598084
132292081
36007530
56219582
99768660
13129246
36822792
48991790
70170786
6115315
26136874
44015030
78340058
89063499
115444339
109892599
29507223
102552460
7423057
32984792
57776495
106359289
71667140
4969131
120694844
50788975
85995307
19750917
30618631
132209615
33462780
74690270
105787851
102256279
78620251
91004256
107630709
90852162
47452236
19627704
16721392
32609445
13062996
5853447
117041773
12579997
89706206
110862129
113428153
2712913
65331062
4716895
73176829
1914249
24361503
12532601
123649645
36444699
77030618
40048267
65608721
90042336
75736675
116209803
44011423
2257580
23091084
53013223
98209486
73582074
90884445
55594243
83420420
17277571
24639559
71204648
116974970
128945765
16927985
119165705
27678481
120486029
126413335
70380912
126700993
79460308
7893572
65625317
78964471
100227209
106110507
3342421
19875182
25163772
107646851
26744090
81860579
30125812
59787792
83499978
104065116
55911400
40599694
92890235
42047276
64240027
12984576
100274129
109588390
69008696
103945865
12363339
37814033
123841505
77830448
49496228
114341742
47913923
52353718
104730977
42155726
110656071
7007164
32401086
97079245
52378500
118032834
62701484
112590187
93311723
77103037
34312388
62983329
104755944
820614
121256051
86536367
3435315
132292479
24209906
102934508
91870905
130038658
124115461
29602164
8942918
73220172
98114435
107872997
25914932
6775873
133086655
49956374
129750892
42424588
115993558
33616907
99618236
36715314
95388280
52881645
37310965
49535685
64210075
102907935
118969826
53215047
23556450
78524135
45996727
121563711
92795467
59664776
104036026
71140707
28261277
11732422
88421181
104969993
69454572
42405550
29511240
9880656
73531453
56307433
78785665
44666398
92130708
19185054
66715321
44480701
97832013
70831342
50740996
51179443
133172931
88342780
69965536
2913093
22879480
87483633
10645677
99832297
105078234
48189692
33840874
105013254
9456462
6464219
83286997
63893561
115556257
104730479
70680591
66937030
51266287
17277566
123725023
117987788
17638406
79877814
115408317
91519898
101400588
101626406
47697957
127268162
41834600
70108466
111148402
124149397
116775669
66590834
7195916
38988016
88406143
95991273
73262465
112874248
54574760
97335200
96723597
110966257
101490145
78861150
120495435
95055081
27567066
101520903
15706453
56026825
46019720
91684216
11129318
36352926
119941359
101506142
2233104
33258745
55324389
40293906
11293199
17071283
28432472
63489397
12005744
68232823
30437763
116361362
39347814
29854322
71837448
8639616
116776933
79173706
75990447
1086454
93935071
102357242
40133130
65138593
28567960
47022117
81760077
128107015
79713516
33001843
87614606
127939807
133119634
52408365
127824662
82021720
127407239
112147223
70373307
101407451
64438441
87642001
66301404
20817031
27467441
86980023
111238876
63100103
27342143
113251469
47575385
44034433
83829698
118326008
80082841
98453956
112053950
129324887
123268539
58287821
47081334
2897564
90791698
50049869
55852937
25118286
99561769
75914703
102006990
108019743
84924903
121806753
64407589
128717744
6906069
40829194
50090314
115297558
95571530
108412402
49061368
95423752
97959580
62484029
45303358
107844548
104731688
8706811
41089913
35804256
1887293
111216467
61076320
6513115
113027192
19491918
25272232
15077836
95540401
109145705
133107551
44671443
45547946
79227525
128702685
8984345
18099612
32543142
57964968
121872636
14906810
70889021
77514137
79250204
12418794
96525622
81671044
101701640
971808
63687339
94204341
13227860
37790403
22666776
19425629
112697343
24738471
50697376
80975917
118703974
131772544
7932706
81519982
122584164
36894537
62136338
8878621
5538194
23708126
125116972
130009055
37105594
60325012
53372056
31300984
119141976
99907145
65444277
54271099
17085073
8249972
38715876
59186100
59696564
7651565
45404906
16537695
31839318
123457444
51921397
16534460
12883607
83741840
118837699
106555058
34208432
69806318
2017134
2438492
79232014
29708510
53738065
71494714
82789616
39819031
106437516
98675865
133134569
10553989
91573179
72066573
133242598
64704792
130382986
117603681
100494442
41172193
15614946
31045720
29150013
47077158
119288946
104883494
124659884
90209958
19560364
77483662
13902987
45819908
5511860
76744080
125511333
21467401
2126068
7192226
52997815
121091532
33576523
117043638
75669569
108672850
88244270
3568340
99682275
33234499
132124312
63221690
87941036
19049948
60462781
82277945
57165237
87824048
26285318
112431078
72388901
31405937
50598564
53864687
79855208
84798622
88524962
133513401
8956451
88230262
63340194
77653227
90605073
120617141
44189421
39308988
70537012
7000343
131300560
88019804
61822032
111755844
107645662
8113199
60702858
43768044
74059472
9824477
29532964
49050347
46239708
133905249
81089726
133837013
54029820
91371799
48915559
85151751
33023449
74004031
23329733
102524897
94200796
92296344
53619885
23880245
53357237
121568843
