25035432
37403052
133665215
6350306
104640714
101065935
13632021
4179764
131980992
50779771
116351117
11901196
51560066
34664844
90663472
59709219
54744147
62633543
102717909
72600016
125989023
59230728
11634517
54055008
23314792
115781100
59943837
131452035
116587317
106694801
62098405
132329565
133001353
36294676
129099529
102927970
54780129
129499210
81317520
110333656
53513391
36425479
96558126
124462045
92521622
76933823
89921893
131470441
57605160
83745027
25111681
15431861
15275976
41213744
50163936
109795103
64918585
67292840
120739774
103712902
54101070
123548728
74777562
132052038
32517352
40410958
71627186
106350458
30174580
77800716
100137572
1584738
40135846
33472493
74478132
107553596
38262973
10123971
21425388
28701884
57173447
43855223
95192298
64400053
86598964
100198514
104577022
338562
99914552
94373134
91350525
13616431
78948816
117605822
111561762
10292962
131708899
26219729
131835181
119068958
114079660
124812620
7442418
41689340
75300638
27424656
131950980
50304535
70816263
130828599
90667936
77129240
131842942
48762465
42215318
105449078
118772321
50746143
100593409
130078452
48763818
65076953
40522257
70836149
76021687
108920746
11009110
61294292
126868710
83820478
77352542
22597200
111021852
81087417
27219752
72508487
36380966
89620841
24509829
45877328
123735955
69492488
52012398
92611729
119245178
132690529
43973674
15461714
58522793
131144489
77463116
33071638
82829556
24349574
38356567
41152272
64777165
39120495
93579318
107422019
15808814
29857217
129747278
5791087
88343643
16265708
21763099
104379313
28401422
23727310
30231972
75498379
41024388
81702255
79613153
38860733
72318414
10108397
57621004
1417986
96877050
84281782
39346271
32800422
61698222
58856018
89039440
529447
24788743
74308445
129492845
28330432
104634120
90390883
77461345
47835131
117844770
33242220
62868998
116728822
80205921
69154246
61072454
55187338
87643353
58923909
100598768
8564722
102809860
82473390
51884448
123447650
56229827
82295793
1368119
76733078
119936311
130390515
26197047
119348173
40859075
66229896
114292755
91921870
54172686
28008221
84257523
22634111
99883187
83698837
111884776
78623307
90160354
94858113
27005845
79576066
74591582
60779269
64908226
16870068
34974932
3657454
75939701
115797400
106463722
35831307
133584892
20104312
52800407
73175072
133241959
84410879
5719574
130653889
18496380
45766058
67266422
98720041
119935708
128736288
19875261
32130214
58731681
5637917
44792810
86653311
88211841
86098732
87187049
13716232
91790319
34094620
37285131
127819572
112791186
20789160
120099900
67893606
128355794
59487586
74544943
61811840
31006902
71756416
93825849
45996484
120912485
77600275
69701184
42302756
131435316
11449346
51880922
93825405
90603
118198467
28850778
85901227
41485083
107782676
119244523
14511056
95386814
41609296
5988601
128680097
100506980
69809342
117813888
38021248
91244062
50992523
103333732
122879140
129415881
96487008
24158445
118651354
17076032
68729834
76589132
56501914
129354424
56190073
79907857
110182357
50003004
103173423
16926174
29985822
103709627
74696995
63128037
11246791
27375539
55873929
109740720
131865443
95934132
96216679
118735207
68131500
14254210
94139705
16236767
95624551
46477064
27602060
124347962
47424109
16438557
79498336
108622168
125514231
61985080
54344526
39992746
14431983
6119665
83282235
96650198
64331703
80222243
38410081
121370229
50031828
52706978
97532674
55372273
12745121
86516559
131172617
42854067
40821833
38925432
78085829
22539175
50282550
52191048
85684734
116049840
115458106
19822615
12511321
14077549
47995970
33129244
69102211
65444906
89472167
105936653
28439027
116833318
49435735
8773230
71674326
126373186
107708708
78792050
98222760
122678230
43821613
90187793
83683860
105547612
12750642
55464112
20827071
125970677
122360951
27983535
64836839
25545579
126844634
56550899
90619710
12454498
76842133
104025974
93125671
105177303
48079366
79068884
126726295
76586210
31371214
40948180
24923988
51593506
36249055
59383836
129682451
96136731
98860227
105670625
45391846
109394455
25504453
26931283
120198620
60724741
72413487
87511966
124056470
120174538
46695452
27885306
9970015
31721883
127907657
97218605
128373415
17470274
114459284
61411856
202761
119551424
104844778
68028034
16816331
9299668
17093473
112272303
45611652
99101687
33562439
110785466
96518898
35680314
88424857
754413
21504421
111636196
18178032
71344863
2577942
33528616
41350248
52009132
112232396
55962827
105906327
86173863
47176112
51375701
89082518
111488615
88456986
93762025
123778027
91379790
85161699
46806565
60602062
64695288
29860167
100859548
27059070
4269491
6106807
36480737
101934433
45504747
29240728
92329158
10431253
127469416
32644124
108157922
77867891
57389813
31183998
18552234
77947538
19357922
100938992
36177580
88632143
92977433
55120124
82280932
34770621
44843515
106141417
52005402
88444911
66123147
133763475
46021854
113621983
73048821
63551177
4345661
27608411
83145374
64830498
116525831
43270825
12326876
37967014
65608855
31129726
33685505
115227244
78247114
102617541
82807310
31495052
92623273
96557837
7675444
13837840
1288326
3248575
79900109
54021981
119413993
67122658
84994383
128941321
89808536
30507021
95366511
24697068
27512834
96719859
20082992
18935089
83043047
28123222
103927813
55214825
64926834
41098489
58482424
107010242
118449150
81473318
63221396
124558782
119044477
62527152
74823571
83516812
63450825
96211622
82695295
67945430
26692443
30577538
38161157
2053114
103023069
63527680
21496134
74973945
112932565
16653433
61323607
85839037
58758081
609677
46309023
125207843
96113890
35887910
112892810
7157281
93639973
21964153
17510819
61876040
25841648
90492957
95274193
71793550
24708518
91159539
11112801
107871634
102161681
11164924
39191920
15284535
23685953
133959796
29653938
52020034
103129196
42434457
85140747
125705075
94354558
118615117
8048410
132834848
133680101
87611932
104051643
80025266
115373985
8824816
89677953
85735974
127678896
3757340
106686777
6029793
65999430
110361712
53744962
4232567
22805064
46524649
69172784
73523071
133965412
45900700
32606004
111230113
119338107
117322792
52728753
21132358
87055503
102547082
26727812
71971944
99669508
72364453
99475891
72743849
35954634
78831788
86651209
49186501
40822332
64453307
109168268
57376033
68018523
60281514
116616161
131955715
3445846
50584836
116994107
55268308
33281268
119990823
80066077
99034381
7508314
78729865
7565516
34295787
9894270
69420263
131442791
107886438
74240536
78351571
57657193
44712832
39288966
40406682
88261836
23525639
87325639
133000197
69780301
31514201
108651681
115849395
23347905
113330840
127735410
125815204
48912946
96858996
16415080
127945930
18327994
88460863
66729225
63279386
74916300
129269181
69485723
117404077
22084704
116529790
131432757
117465032
33558935
127269538
111214774
63911447
84182095
20473680
132352247
25470443
25732699
50906818
4592932
47218687
100452674
14972079
2827607
24839528
25041831
27782220
45246257
89920152
114333317
54391032
99915300
24840693
95017605
56790532
86466009
65134562
96129681
63674173
90226717
95958737
57685038
118764269
86681223
7693450
54413315
131913374
3507763
86624257
27861435
23172792
11963692
33867869
106239564
3548982
32083494
25930805
25237437
67702298
74134683
50601566
37420953
66273391
60369080
44898894
11362755
44799678
119965918
59320451
74300700
40964022
10441677
105557770
68732990
54974761
82642513
60693689
16582678
103794245
49847009
95428805
17323196
122216416
80602385
41523196
121246412
41662292
60396460
110298885
23739458
7480000
105627712
121047155
118123800
58336517
52367089
64985475
123320026
129826728
78389827
14005896
52560699
1110287
112985768
130883283
46743474
87337368
94010831
100871794
111685411
133926000
42799478
83418968
84545505
52145016
28085707
103284805
38132428
34649665
95659890
352831
91017277
45126500
106932965
57591305
32013590
88596091
79721404
97854981
24334897
77026052
127920182
92554154
48116606
131642709
4494082
88249813
27352839
94882197
16136970
81194674
126702102
75954599
62987988
30351645
38440068
51729308
35966355
67922416
76016861
38314663
116394357
107003499
104360891
21032240
44770853
126806010
1041303
50838164
42513301
36469064
133715216
25660113
51228319
16241335
119136378
39965968
62899145
111650153
53147428
107600794
34803392
12393479
42570787
75648473
75679406
131521841
57559528
111355502
13020055
108291777
27303530
62486905
9600428
20081546
117125478
47275187
96854896
85763410
16784492
39581241
40067725
25273002
100857886
107310061
87980089
56167740
60256654
60499792
109483172
74214473
98391556
133729908
55828728
60636739
28717817
109167419
437272
72970129
96689828
29167489
37997247
45563145
72424793
116091574
33053093
49784749
98645784
20675858
42064581
118053220
72080415
45367686
39642349
51021330
27864158
32505945
90063644
48152146
98490586
8411007
108301586
112793102
26976178
92457554
116163385
131763293
81829909
14982330
103278186
92084466
104457371
4669843
18241484
116647283
19708306
77478923
22429585
130649233
7446833
34546884
26274298
123345290
95311631
131839699
54081298
83616534
22500131
24709135
81058707
97646070
109469299
65509427
81879773
54796407
29440515
67618763
55324667
122635130
120609102
96117098
25059698
129505340
62427680
109411809
91649237
133094823
39537064
134128362
27739050
55065613
118109160
73428318
48431891
122689855
29536740
25049699
54647052
63414531
108261238
74662936
28859196
106374211
105235633
44412305
38788976
99904926
46941668
64198585
