92799210
121959403
18665786
30002819
13751145
118110669
110401920
79851075
48961906
117115747
41313770
99871003
20743281
112470320
64302302
84168019
55442574
74325561
65875247
72049311
70369094
31561855
33574830
124335032
80224179
33671733
37319250
19982838
24039899
69346887
66136158
99093460
127400545
78815495
42723387
7360165
83857313
67191475
124966552
27860735
97313576
124973872
14175112
16124685
103440383
100604373
49251114
97988576
94192396
12468778
130115302
124804435
107409959
114906910
109214248
120311215
118743223
130807615
96249274
107941127
128891691
98052346
121934375
19486467
37181772
124875815
83069261
132906877
77179373
123784132
8955850
96200717
60103720
68234231
132050601
90445729
20898108
75170783
43565967
117531239
1033180
91042353
81735992
53179853
106304256
112613765
56344618
66829151
65912650
38818613
42693699
62380496
92047382
101630207
11135626
97148729
41077497
123776305
52918378
6935893
117508537
102099305
129948383
100903062
16053432
52340834
123949492
33148589
104856820
63593022
76395945
85756683
112032176
95746877
3176603
51985265
105832186
70213586
108541505
105543183
59894082
50551184
29710625
106981686
83376751
37847507
21878864
45003931
126889243
96784177
64815187
38426476
112367284
80929842
52788922
75019922
11000375
46704523
101820849
109626011
73733158
63742154
108489835
96782755
53161304
114408559
88062147
17639930
54834090
32152847
103596936
75632449
97316499
91300951
125127778
34931843
41630215
43872195
52183809
57050703
132182736
47254623
26718860
93814507
14324674
5682051
50874133
27940488
133784998
36648267
119676972
3100083
74203295
121349713
37328466
98321449
108738207
50371978
70631634
9624924
76689528
104201013
82641207
86359127
106999996
107124988
42618032
99963293
41223232
4734228
95149616
81122317
38275748
132601644
115376762
106605899
55289864
28906261
18347024
37924063
26341985
111764936
37501654
26716525
30557382
114099712
117642528
60087931
84609725
54077440
114947970
100168781
38836120
109092239
66828181
12742494
57918384
66905130
80507577
101104030
11480228
132127935
65898553
80871964
93605348
35488001
85478298
126355099
101732217
2365419
52273050
79952466
104329557
24318035
118827487
104001816
7840071
9464301
111720472
88912333
112689976
47593344
11528424
76350184
88082143
66544181
11714310
126804109
22524730
112153392
116437040
26664964
75523234
20211092
133530115
123674523
1271587
35702939
120433494
61555750
7780961
75622978
125410380
66439701
2728838
62527079
56189295
28923304
88826571
5073904
82078153
117557314
99450586
94984818
61908116
89252627
27374850
78455130
90978901
70321286
3995312
85124049
22588628
119890473
88483631
90514044
107090156
119373162
33456169
126914578
39678422
109980333
61370578
29039676
131351119
4661322
2276855
33171066
1788935
110133777
118142620
41992972
63794592
116419615
10284231
55535695
92631166
115461403
57186785
78226167
49027895
75408195
47218598
7743525
113587784
92024931
48121613
100755568
60742972
54567720
38077869
45959581
37669154
39366890
117381809
125899378
125238344
23403804
82290485
10037370
9828630
103116931
66425529
62322516
101404378
64413624
48542860
71313161
47192519
30344045
71602484
127423128
73120928
90412062
7705667
15151116
93655673
52259059
117268165
131791610
112380731
8215237
29276500
131650158
13617901
30246087
37651048
98532596
80605132
127170027
121499076
104994906
125129381
85207720
74821820
7184460
8061398
50500433
109903695
99661145
45615366
62894108
33487366
17973351
127496550
11249826
54854078
781690
13715877
100534897
61376466
133372768
114225939
68141127
21470927
57862189
99259911
1190792
33082979
113612604
5425648
22478761
113865653
58304668
17859520
116536660
51949268
96261360
48590708
107594245
114090261
85201321
127363193
35290734
65486609
125709382
35097487
26269936
87869739
126798231
83267334
46278554
22510841
72235967
40514662
11371146
89479779
86313221
54934106
27007567
42366447
43402649
129478639
23064417
105425990
59687054
17230963
130710698
65366803
52615069
121475547
105067511
103503712
84561298
33521687
29660515
132250786
129839665
122698165
79691921
55893836
65002808
12368778
52619543
67076583
50260333
25405719
2451602
1626608
13582036
58969243
121704372
98168972
157637
49048107
118707717
32607380
37494079
59375316
89943423
2041595
31707839
57595185
110763699
4664073
85046222
105203012
91115156
96358432
47692566
12191038
83754487
94282416
17044675
36865664
118355469
107340242
19593797
112658879
113506340
74745370
133039851
22594763
856303
34149514
20766379
47422077
45662291
62301119
117222643
2790523
122756199
88505336
59856704
103578032
92964663
30860989
22568355
63633
45802442
26638129
110344979
78647764
117314711
9070971
7078297
885266
17795582
45204508
23636683
130273460
65877041
34253308
129441843
71482295
124028687
91916893
86120062
20404320
17856903
97672777
1582127
130085698
69856403
69481856
63099250
994008
36878091
597787
94156620
111067478
95096942
47362228
7512136
65991615
74669748
117917181
99430721
52308794
118149915
44041194
14786030
96585432
107459387
107188930
111851139
73811807
110989538
69655368
34496144
114185180
44131341
33096130
55121041
33965740
108796393
105405431
67433627
15353704
114618975
51664352
125243301
5010318
54378528
109564804
114701351
17431005
11948897
113670002
38056230
130308185
90173961
118515935
91375686
21022916
97170946
41792031
84862263
38577651
20431631
12275486
20241245
83344548
33642574
79046332
51663577
88316367
32163949
18811541
113355505
64523816
122853059
106656146
12704152
102880962
94254733
80569260
59314973
38539677
36114467
114701174
12850646
47040549
49287
67472295
128021595
31208100
53003909
87354210
71578774
55364360
53523875
89693063
57872451
125060356
26862455
92394895
30643176
62675521
65291332
95161910
21954711
27276434
46227455
95006440
12088293
56819093
77794397
99377119
46389116
134187620
103595370
99664268
88259346
40965133
43770000
77317967
96583129
31786571
54654551
127445988
76936360
17917611
103687622
361203
124899403
81595470
83297453
54627072
118730627
122398395
67382419
16077318
99301149
38208508
96620756
46254468
92816637
81534034
5370465
16856240
87933171
108982437
23818587
7945130
33350992
42819789
131827639
39037484
129193883
109402971
80094293
33362999
111834453
25347636
84305112
91158566
38764060
64643196
112295608
71641951
51220646
73928443
13179955
19498901
111850265
53611592
93876431
76296795
119269242
106142112
111948361
76448092
105380496
30052380
42171603
62641962
55286760
96795755
49531511
33161107
80262871
107688677
106558732
43559392
10141252
61537648
61649566
72011685
98994335
124192057
75143104
102845651
18875918
31124196
76527752
102167258
73523361
7899686
55052537
105599822
63074311
130764221
71699449
57972113
32361209
39133471
67015281
116436369
78497617
26457156
119921531
41706586
28405193
49305081
11939663
94233176
80306044
55838175
23913005
115083138
112979963
34909339
79582927
121081429
27307111
112970403
129761725
34019640
57705462
123432673
96875341
3699509
38662864
104157462
93977642
100548521
65063914
44852564
24528578
3090531
110460093
28814068
119057040
72794999
8952712
121694550
28801038
42261213
36138686
41248496
52481928
36927603
80597826
133464378
24891879
122143481
98059366
102212415
74780551
57028748
17444594
62089180
114145620
71082395
75137218
82650226
102701439
64958910
92121631
118538456
13046966
36360267
8338771
7798808
41306950
71129163
104607462
78084292
1916388
99772077
133670368
119171503
994858
22472637
95304217
87407683
67940637
32605406
121022569
96353510
48845748
4620760
84529390
53101319
51875469
103447505
133111049
128616501
111566399
41303113
41150381
103747170
106128351
71224598
35659558
63472875
85780682
67613569
54659619
60755092
14943865
56438061
125043763
77593519
124204252
131112122
109114730
71785165
116473604
99324139
116422183
100391263
83600267
42940181
46207787
66609049
30937012
130954326
80691412
29472858
32268084
91484940
104973899
133673907
79153201
97087007
64514168
100505991
8800849
16474484
132679908
89761088
113027295
105150625
28999691
38807536
48965444
107920041
130200760
55830999
91638931
121213683
34298058
72449404
113352590
99170206
36236904
95011404
6496091
127454883
52282370
21546662
72550127
99559411
96797507
131173559
16343881
132894242
46287330
65751877
22794945
45300519
74123680
104413967
107439951
70544886
49101883
110318331
43254128
106135854
16499696
38269533
76622751
29666271
92305554
12560862
42169547
96235773
41294208
7120166
41062245
23458672
16073301
68228865
110408344
76377429
8986723
76808066
8052408
59330728
117524292
5933107
75646656
1892069
22067133
114756432
51404372
60063810
3562872
67727849
105425404
34804337
126075825
113258192
90079969
94059708
87613919
13748782
111711807
126385164
84459252
90090404
70504272
11832584
110570158
33115133
7489514
19318072
29409356
117602748
8983442
34879852
22385010
68703006
13717057
107160664
125112331
27377506
133037028
103500906
88873275
118764674
95056078
93488538
31385573
65501667
43356952
122188007
21531608
21676611
90722628
61712012
100995358
47335381
67358531
70519508
16842884
84059676
114529457
37933392
93882553
41762544
14404543
46627640
115900142
100966698
98667559
97121287
3843687
96791298
12854825
61971936
105545965
76173250
5171672
73983469
68529201
54413135
28723667
33662742
37548407
130459741
132225738
73752101
119751138
29434321
57037405
18351308
56042707
24104567
74004778
124914930
109119669
74279090
36406879
32685142
102561684
101645422
28431715
106681522
55577833
93303922
29438744
