87343915
129967029
30270348
112067625
119609375
127054316
8995647
110070615
31223350
74390240
75088495
11691806
95378670
117057468
116904167
122291682
66360673
79662262
125582766
130805439
77332003
88451504
15362307
19122841
59323930
78081263
9055867
75082620
55960223
6496313
63909428
133163693
54460159
54438394
2630156
20682140
67070748
95615487
109654375
81087832
133910910
116632308
26010773
38621748
82798016
18110005
99840783
58416818
43232144
11141596
79831888
106776564
90328424
5970276
91331454
66160606
75746127
112267981
121249018
112610553
99516622
92918228
34144246
115979944
395172
36352301
24802713
88019654
19913201
67951383
10226033
130984439
10482657
81040469
91605938
57317923
113915740
120706654
41083204
119136415
22340917
120217956
124168732
48135719
131607280
24474538
44786263
50362116
110111194
99348393
121258842
70439683
113289539
74590989
47539486
51114783
86404641
133679440
23416699
80055669
109410840
10153385
130894086
14421486
16375798
54827788
7993935
70869283
37873965
80361152
113694663
90635905
51308763
124739365
89936921
121727255
55111994
111466778
67699583
84936117
64655854
92964577
62403271
29200209
37019558
66564085
21964750
96037356
84750225
115985056
18170865
48410628
132068603
27233977
122323937
102788280
14975122
97472157
23247395
110422320
40701080
76101681
49840711
22567801
123158145
33951661
119280604
7013373
54460626
22000722
83464261
119936508
128771785
85906683
52479339
22932680
50994849
133387735
19696763
275479
118543354
24846860
29895590
126566845
30415982
11479757
27193068
107902193
21350456
57923624
83550430
53959569
116115958
75178103
115191072
23209017
47394729
54903045
131110296
87741282
67232795
51790313
31503257
54249368
63571341
52248219
57848842
7448182
23613572
69537035
314915
92418052
101700621
105676941
117819318
24589893
73553817
120801198
3059934
14775096
50583223
34684781
103375829
8238519
120968022
70521837
97102791
14668956
105876891
71648192
19195724
86518276
129174482
57538088
108810640
26837937
65241828
15674574
11063328
66079394
10497490
29696520
90395282
5744962
43811456
130466861
39030186
30357939
133693222
69919760
17756885
119248611
99246857
30982040
38178017
4487998
98400861
66441938
111772864
37604650
74012156
80553281
106981832
123618989
78375618
47203835
48484849
39774315
38410607
33983024
96993211
99214324
93330570
83884956
131362439
127327636
21960706
67811073
103584089
11792148
41125482
121181205
49135805
132638145
102294533
26492637
70022089
78293150
10671964
54326885
94188558
101891404
35134170
129485143
89868489
72324485
89592280
94038164
60962649
66640698
8051887
6106650
43053135
119420545
26742039
82698377
105048726
120431651
82402723
124397200
72697537
92535366
27549060
44158599
129485546
91164374
68651317
63233914
44334642
77394052
27244208
101955975
80552385
36526436
107211388
103954588
7101797
16644594
109501617
54292246
12224793
23695211
64131712
43395151
98549850
27903873
1515659
42837000
98455885
34379637
70652236
47133109
37758401
78875943
25921050
6603534
76151948
79725451
80758612
28739184
45026073
43110895
3984831
130341050
96955906
104540767
67732605
95394195
67880309
57519642
50882182
98920585
96046898
120909003
39093485
28221573
22649617
42724318
21100164
27316478
70596041
129038321
54135710
132614629
8053808
22338919
17940884
50536842
37568304
114031793
58550582
19846142
119899500
132765524
65225253
112483602
76471843
51714086
6858980
51063389
61935651
87345305
119284408
40945041
45254093
106056459
119598581
17052359
74392719
108695077
14408917
53098763
38000842
6638792
106476007
19951566
23629106
65485139
61480821
132546874
6541498
45778288
4342979
41142061
26237834
25738744
42810273
35971431
76991438
45989328
60009326
7797951
33393175
98284471
3594015
66395169
101621732
47428570
102750794
103652363
21199031
71327989
11867338
11611698
63811585
118827219
100029333
26355852
40466653
65028439
72015729
89943940
52714085
60851336
45365467
50191086
95586666
103048908
68747250
13858551
82530666
24313689
101274037
90387309
43998639
19418539
7150912
42570668
110450518
126375580
53131808
39972375
97647488
79437297
35473396
109056304
85349076
40374064
62013517
91250408
10451846
44877729
60314037
100466773
100113566
120965817
111588693
77877750
56215919
33627813
63218850
26653630
78294295
33675912
126088762
133321142
86334194
9200008
42034913
28683776
3381217
108861517
11526723
115763781
65068910
68864292
107827178
9304698
18559235
47263753
48172098
13006196
80980324
16419202
8871783
8775406
53893303
45971559
45712581
99283533
106225827
78585747
4364699
16439588
69098308
36850990
18009063
7347227
10842314
79492869
109527366
124370215
132640526
61135952
19775620
119857396
52975341
34824471
108773792
14349190
88193124
15314833
25003176
111489842
6525045
85393046
29526192
28950887
52799023
38048220
82040855
80514755
62337719
75207016
129043502
102853256
102850380
70994920
17100728
10592144
57386763
45920926
4456243
101088572
44019548
68869508
10716703
78835947
51830720
22663821
26680289
61154202
114435322
102066839
312897
38105286
25368241
109427478
24029787
80037880
32971650
70767104
71365788
73810532
112184443
44536654
12024229
89096037
105096692
53187434
128281017
36257821
67640762
7471448
126263769
5418375
33598957
72190871
111840083
39904905
84458807
70656403
51091385
14685132
54906504
97463867
71276341
17168838
4819998
73088899
52416577
112866316
93967906
126221231
55264812
3983913
55471838
102747702
108413665
16427832
81462602
55115667
37633604
120772473
119190758
90366779
56383361
23693797
20193317
7374442
119041035
52166652
104622261
1618614
18928296
41876649
133841167
96717717
43575729
55879459
68118123
59743274
53191323
133058633
24390256
129815700
125948841
98361211
75737105
105927902
28849257
85299833
121570393
109655386
22357296
63476450
87096567
100440147
59153314
70489971
23219045
122306648
30620511
15209915
115505761
105660567
85561261
113039189
47426525
56538259
127875200
111326960
38497350
99359891
75022409
119963324
54810528
64679393
128246943
92018347
126271373
77292327
127631884
62953595
46457296
115648161
129899303
14654080
115528005
120454201
29247327
26972628
5546750
28759263
21139359
81201106
51115838
19123490
70826484
85683434
27676913
9681207
123872797
54939560
112066778
84489447
110479763
69536923
113160893
89540678
51843151
1787027
34245499
114693262
129638812
21867702
100367719
30337160
125917552
38518036
119260784
95152915
124312902
84770069
80070724
69926311
18461620
55754496
68639766
109956717
21267702
93769535
25385962
114636981
129836844
103813500
97241481
45582668
15307544
22718628
58266116
118567368
21016740
106165097
82246919
127679924
86054286
92734343
25724968
42558278
72010859
82776208
9391441
66593159
116971802
25313414
105099162
36936585
51771311
86019060
50798821
92254600
8528553
111281966
2099789
31545793
95858076
65846059
47493450
36013177
67031312
101144282
107144271
121637682
91915466
18176381
105076047
75381175
103861358
16640013
50953292
23311317
103785723
42283375
61590550
113659784
90031563
28981341
109997589
91719953
90206219
50968999
90850359
52770681
108578007
79971400
57246281
3765719
87213213
93493915
110109051
23422603
35163117
131080526
61659059
6743866
11849224
25062633
15316103
78404301
8702218
118578963
124433801
131990217
41005449
71524517
36867533
49654461
26255569
93500229
63078108
98615269
101934125
12492017
77706555
12361320
4796024
127889018
85291097
43770298
99660889
113058212
89036840
112609675
41276398
109141332
89604983
20659946
124944837
1554826
100590086
79403270
30964947
36665573
95428424
33508067
100500944
84253385
29895199
5462373
27646754
26732745
20899941
51725102
61103498
67596852
104760949
37729289
99717128
113393998
18264680
117190089
61681485
49239723
16310982
57043324
99318523
99635555
33738688
21811785
12244874
12114055
20618273
108744719
68347614
8848453
65613188
77123678
94603093
82730182
4103898
82236819
95427950
24620487
65995923
49137518
48777115
128656994
133091657
62777206
88788827
64836080
122502558
87584698
73995208
37727304
20430916
370714
30891815
79850855
97846148
64797938
36763919
42272281
104847063
75739316
82442473
129915137
119844043
20688153
97588909
100076670
123081359
129107942
104255845
66865208
97863640
49962391
1411909
4896371
60957406
103373844
17750003
78389251
27683028
27465169
132316451
121297733
37370511
50168505
122993037
79802764
21845448
15764714
101172280
119967703
9126786
18672074
39831731
80187682
72786928
32097475
52296643
10287869
89005948
94962209
91439500
92964704
113640878
9428376
63096076
82162850
2129134
38189683
116470503
31487659
17098488
53222053
8937219
82187296
47727020
50425722
98676877
1731128
121479375
5072597
65574535
119216902
55477929
46489214
87161635
74618332
132784658
90679815
55699564
92479812
133264186
128651462
58033885
89649238
65953416
115149598
68365669
95172262
112185985
123461661
5279652
97244854
134120362
88911303
84262194
31610887
14568646
94974923
98390908
44779681
22696736
119852177
23104379
20533842
30610113
96721909
4006225
113417809
108381644
68724242
41333895
115738721
98914537
68836083
16998676
93566585
83668081
834734
11158002
95912507
13407308
281477
69212279
31701633
95411535
82729231
28428022
69316940
25157297
101216695
52431354
77693495
41491628
68047884
8846729
70510542
125859763
90340424
30262194
79068982
106320883
66517170
104155190
105815096
115257657
15085953
76739700
23747183
13562253
61184143
40190808
105566364
129439624
1049747
50029671
37460744
102618518
59165997
