45596245
89655394
108466606
88748185
12624534
54184444
49312952
14904649
129738403
129070051
48529172
46670036
14033530
82892948
120138964
78252784
34913687
27191127
126402789
120104520
62362337
123431221
91677517
10774671
52260945
52870177
4497230
128193928
39448605
21030212
27690250
65437792
99659269
105369231
105486597
129008583
82512784
67189961
29529451
114390212
27643829
19536700
57197973
38145154
3948504
25612736
87186460
75173547
47985101
4471481
1743303
18067725
50067124
9498666
118210661
43273502
73520042
28746439
105312626
48851576
38087466
69178942
76148107
11582933
51500333
12780409
40773611
92390786
18838055
95297386
129642365
9877649
73624620
52679275
87322997
134146765
22529315
77850030
16633516
71657385
28418073
70258012
118912284
132764956
95888335
71116246
17974306
12993787
94841708
117143733
36586316
69646767
49056873
7625301
24202340
78623398
118126934
82789213
6499555
122954484
16046416
370785
41861117
131751656
56955226
97298760
83134
105310043
97262622
5093842
3731310
31603712
128999634
69721698
131582915
35398143
108698598
18199297
72138764
17915566
76042000
121546075
77011481
85894405
75548206
130927397
131466126
46589386
57592082
60812215
90334817
25332297
29328023
15487533
53218846
43840842
6414363
19158554
102161055
99403929
6429012
4010234
39277228
28918843
106549640
4018469
14167247
121129543
69321272
58692683
94957855
35462685
42764022
114941718
6945746
86245799
111748400
18081540
84973619
100700528
18893864
108449143
45962215
56541340
80219827
87786276
109035540
106063381
7895166
39462023
122098193
72950232
101419692
22793007
12485701
50962747
74734870
122147500
116216630
115409948
99048115
94904530
105614568
1738407
39779732
65344348
108537576
65551972
56018615
3984584
21088809
90111264
66979214
18501969
28294087
55442195
18148152
7123513
36560792
71080432
116504092
4048017
49137851
52562600
96263045
47020319
94267867
85521248
112597862
127836432
112810445
18292374
44902097
74848307
39795090
101671408
72873581
37448314
93415903
57301245
77218675
110734695
81717806
119946918
108463280
58468437
124857799
99791359
116194427
115285128
74757948
19457653
132221258
132682921
86826091
21392958
111235323
91902970
2309838
9760293
121332588
91493701
74247375
133582986
8531510
76677993
83516803
21891339
102537395
104602796
14591663
16076071
126350692
99583071
42288027
65092683
36372763
132044917
25033516
33035869
97429833
116139455
4721021
31268358
9477445
14288018
85823495
112146275
15606304
83740590
51272131
117755608
19544602
88695521
903120
158676
21718262
113460319
75229075
53557779
127226337
43847620
42886294
42852807
53538177
55437535
131656328
94296159
132898718
47477740
30169744
125345971
17458929
66212405
45565835
16469138
12070399
92743901
56984743
52916546
96530207
121557399
104629440
128307982
126731191
75222473
63974870
72677992
42895677
79980921
28380686
109001305
66012666
29310718
38473096
95080739
35708275
78734738
153223
80928031
25787384
23861670
124693489
130032012
64813194
82040780
117155821
51678357
26665756
13294536
23558241
122442811
122171309
129916151
129276244
15241051
54686421
7402333
8856434
105433239
128947455
129389766
49135988
96491209
130571486
28292665
38508361
88862148
41158340
78505293
113558566
18991830
122031962
78721413
70483421
1631586
7838495
53765147
92410684
47974321
65326836
50958170
68070335
48216104
37310220
86402031
39663470
94281686
73333342
66098727
14720455
82324390
108047172
7716714
84329257
69857602
121794711
16154188
87034471
91717508
16826096
46009110
109763557
104002890
122243756
108089642
118306650
7031634
1591899
15185334
96326898
55930137
52925236
47638168
119965587
132892814
132048311
41944703
65128372
27541824
4619257
14774479
49144207
71872813
22109320
132751978
13425075
121249940
22327691
110234304
71287734
2628753
93306099
56837610
18017971
73702310
45031151
95108978
132075834
19280174
25059628
86445416
32502205
84776546
927992
16062748
67228441
128073116
126330684
1908884
33884148
61486310
21834690
89864599
99646309
62350833
81531145
35325278
96180892
133631842
39229396
77746168
41456614
92967093
10280473
7271440
71755684
34471180
1692485
127020120
53919713
8951304
103521666
30882542
76280749
10635609
59073401
126553244
2069284
47792850
114872463
3495868
98764143
92946154
25160193
111322318
83582630
54178678
9743029
9138486
49003449
88531841
66761525
111660867
130150860
121796130
48565761
59041587
28489804
132002341
120225265
91303183
96968908
57617804
99815963
108777796
27198555
28158182
34820666
63149705
25072047
44000410
2068617
42630471
83982600
14096359
122492272
25374484
35995487
38027144
9179320
92494118
59680125
79674672
123307868
46170206
80850374
102898753
18337650
75932700
128605410
128782961
109991386
91337459
49847452
42498872
77346160
46396858
120774518
1801075
93360985
106810459
110863012
22575857
26225243
25674094
131858650
133316131
5414364
40561287
79076687
130844192
64071224
28231025
64158410
118755599
15166818
108060438
134128113
48240072
129120971
116993428
86473909
48773908
99881405
86086217
40466464
8518072
112709761
33409263
77576428
29339582
112536213
9343327
76559803
18256521
115545921
103604781
92756193
86086082
83016018
262003
66755367
9502948
30807861
37637570
19094319
106502471
110636875
106430295
113618598
13788335
14149938
113390730
96940932
88172396
11960299
72533216
21897455
64773169
55135545
125642133
62225244
31310420
70951954
100611139
7309002
4170720
131674549
108385232
22921774
85970173
38611459
86808866
52395374
75353660
97210218
30803205
23069508
28611147
12766461
808576
88951700
35896342
102442391
50932194
8422950
26451662
59317752
119416369
103707026
68966707
72404464
58396892
32496887
9543321
99620757
106896879
52199330
106859754
63732669
46415808
111125274
82711211
107106705
38426994
116481562
60073386
63861812
81797246
35904234
5473495
54381679
49401441
19598160
22057620
76208465
102191641
45225057
49382499
66914497
48370892
111026290
132674897
83800280
95285418
118123694
78993278
8394616
1026072
75134686
128094739
133599185
47749239
117783502
31538293
28246781
103721045
35235197
66238208
81727847
38912961
70315366
80825666
121982452
51466871
129082899
74502057
110020915
62831593
66833884
28970967
79837137
77862323
35610651
117297323
127076225
84975229
83191453
59964519
85530093
100791744
50667180
124023929
12256585
110704299
9366729
29520112
112008180
78918561
103984833
48937418
109581816
116070868
60328035
133603715
95872487
10158126
49167874
70124332
28754392
99515595
8862516
35374900
36281612
2392004
87108691
90116122
52092855
123282954
57916832
13446802
106162051
85636794
3524493
88325402
85517486
53690216
95927052
45004822
107816280
132413329
50372919
112465389
91977332
4026293
99469131
39508129
86052229
116752078
58975532
124090787
66837158
63243447
30831645
80358254
31360481
126500805
100487905
56840734
44382359
59132694
26800461
103251164
34647784
62970420
111061941
100549125
108506769
31892341
64238839
112371541
25276509
64945740
80119593
47819937
16396251
78608047
15363273
125107837
113997065
47780208
58787317
73794178
119244328
94567386
4169800
113579071
118614181
68436719
4895319
122961274
53605761
43569893
13616082
16188881
64891223
69473582
72915072
71900137
101977146
83099310
87402605
52258580
28726863
71940528
10511723
118521019
110568914
53109350
119520501
28355051
48488982
71642821
12917595
48146616
131483330
45072990
76048302
68234985
103274912
100603073
78604815
27928698
73068796
87965822
86921944
45450420
5326994
22499621
1461662
64430609
60388522
4045322
52235983
120842956
85585280
1320989
11714035
55277418
123378327
24715787
43826679
96869765
79957336
47442889
49325012
28453868
41169215
6518434
92195691
70053190
95187151
49215602
130640501
121221040
60419292
106628911
14450899
10182302
97815899
46633126
37607445
20565995
107525693
67100721
76964871
126780917
5197096
53071044
100949791
91362593
2276850
29209994
20131585
84431816
4367786
32762906
74350110
76369699
78717521
47558925
22264818
29207718
46549525
84522648
99395149
131874455
83367865
36301321
76740999
3676827
43397928
79857056
39707413
98908121
101647913
36918114
22111213
87834847
87548661
106916006
92224372
103745110
92961555
59747491
58130127
16577778
75071555
65490682
39551578
63039600
106823718
23843809
77215712
85373284
43104155
47619264
77413533
107768351
65026591
34690306
36028727
71665506
133441758
51532705
71764823
89864553
14736653
45843677
4600090
34518871
19374340
30049409
91995883
18705563
41639707
119740657
77566511
18948684
125280811
78929368
78416928
70602209
66250751
31022503
96958441
125617529
111266684
34461621
10083890
130175460
38948126
1430172
123985405
48112531
61785514
16419564
122060577
34230638
31305349
38204274
101433230
114438826
21579095
87449002
51145462
21655884
115467831
84233421
104583274
50695173
9922528
53774351
101784577
59983094
60585897
94564340
43379425
33443264
84498462
104765020
130694105
35555749
80396860
94746670
10311157
113017410
114115241
115557170
107780324
38894648
91033413
115808923
35688768
112419245
121641231
125462999
18118844
35876191
1389982
110339205
41097705
13175451
114532002
41948682
11431387
66031350
800350
24958140
38962297
79628673
118593691
8233590
12750787
74615997
116827104
38073724
13488864
44163741
122653782
133662765
117049123
26411686
3862573
87602452
76270698
127036939
71385181
4010726
70684524
14171080
101058440
114515210
31199438
79527672
119235510
5545017
128927026
17973931
125996425
122370638
108447035
104542204
