134215678
134215656
134215669
134215674
42
134215639
134215644
134215643
134215672
134215624
24
14
134215625
134215624
6
134215633
134215622
30
38
134215672
134215660
20
134215640
13
31
8
50
29
134215643
16
134215628
40
9
134215661
134215632
51
60
134215668
54
134215655
134215641
5
134215678
134215620
36
134215648
134215679
134215653
7
11
51
33
42
62
56
134215617
134215635
24
134215653
41
25
0
45
134215665
134215646
30
58
134215638
33
45
11
134215620
32
134215663
134215659
6
134215680
45
14
134215660
18
134215651
134215652
134215657
16
56
11
134215630
30
50
134215659
134215617
134215670
134215652
134215666
134215659
38
6
26
21
134215678
57
7
134215660
43
47
63
134215661
58
49
134215630
54
134215622
49
134215634
134215632
38
39
32
9
134215629
134215656
2
134215622
63
58
2
18
33
58
19
134215661
134215652
134215651
134215631
134215667
49
35
134215652
134215634
39
41
134215643
134215617
1
134215620
134215617
134215649
134215654
31
134215623
11
32
11
14
134215661
134215620
13
134215627
134215658
41
134215672
134215637
26
12
41
12
134215662
45
134215624
134215637
134215675
1
134215638
134215646
12
134215617
134215662
134215670
134215641
38
11
134215618
134215658
134215651
134215670
134215626
134215667
5
11
2
134215644
15
134215629
3
45
134215619
35
18
10
7
14
10
61
134215618
23
36
5
134215617
41
25
134215648
13
134215623
31
134215637
58
134215638
25
134215638
134215668
48
21
134215649
134215680
134215636
42
134215625
43
3
134215641
134215651
34
134215665
134215639
11
15
134215627
13
28
134215669
33
49
134215626
134215656
16
134215643
11
134215638
38
134215634
61
134215652
19
9
36
52
134215653
134215641
35
134215646
0
134215650
31
134215662
35
134215662
5
28
56
15
134215625
134215647
134215638
134215636
12
134215665
24
1
35
22
134215636
134215645
134215649
134215634
134215656
20
28
134215637
134215639
39
134215679
134215641
134215647
62
15
134215641
134215633
11
134215617
62
45
134215630
0
134215629
25
134215672
3
134215678
134215642
62
51
42
134215637
60
134215680
134215666
61
24
5
134215675
134215618
134215657
36
134215621
23
134215663
134215655
47
134215655
134215636
134215648
134215656
134215666
54
17
41
41
134215618
41
134215634
134215676
134215636
134215625
1
35
134215617
134215656
134215668
134215667
43
134215650
134215619
134215656
134215676
134215670
134215659
134215666
134215637
134215618
0
134215647
4
134215659
37
33
134215625
134215632
134215636
134215634
33
39
134215667
45
12
30
134215625
134215662
40
0
24
134215662
134215662
134215663
134215647
134215637
134215646
16
134215676
57
14
134215622
134215645
134215650
134215634
134215634
134215678
134215674
23
10
15
134215631
134215659
45
32
134215622
27
48
24
134215630
46
134215627
134215640
48
134215626
134215618
5
13
134215674
43
134215679
134215620
20
134215672
134215650
134215653
2
134215657
9
134215666
134215619
134215649
55
18
134215626
45
2
134215662
5
10
134215652
13
15
31
134215674
134215671
47
134215665
39
1
35
134215678
134215625
134215665
43
17
48
134215671
15
62
13
134215636
32
3
134215654
30
26
134215633
134215634
134215667
134215659
134215663
56
134215631
42
134215620
50
5
134215675
25
134215628
134215664
23
134215651
134215666
15
18
37
12
134215645
134215631
29
134215663
42
54
11
29
134215674
58
134215619
31
43
25
134215620
13
134215658
1
134215625
25
39
134215635
134215648
134215653
44
63
3
134215644
21
38
134215672
134215618
134215636
5
134215619
134215620
57
60
134215669
60
40
134215651
134215628
41
134215634
4
134215677
134215650
3
134215660
134215675
134215642
134215618
12
36
54
53
134215646
25
7
134215648
50
134215640
58
22
30
63
134215651
60
134215647
134215660
57
134215677
61
134215645
134215646
42
134215622
14
24
15
38
134215675
134215666
134215652
134215659
23
27
134215627
134215672
134215626
6
58
55
134215669
41
134215661
134215642
134215635
134215643
134215678
7
134215677
56
134215624
24
134215650
38
9
36
134215650
134215650
29
62
12
134215620
134215654
3
20
62
134215638
134215642
48
134215678
134215664
134215639
17
134215672
134215676
134215617
58
134215675
46
134215619
63
4
134215621
134215664
134215653
134215662
33
35
2
134215633
134215669
22
33
134215678
42
134215666
36
134215632
134215661
134215622
134215668
134215663
46
134215663
63
28
15
45
134215630
134215666
43
134215650
20
134215628
5
134215667
39
12
62
134215641
57
134215656
134215671
48
134215652
9
31
8
13
61
53
134215626
134215673
134215623
134215674
11
51
14
47
6
134215678
57
54
54
13
24
134215617
134215669
62
36
134215628
134215621
30
134215622
13
60
32
34
48
134215661
134215653
134215644
134215657
134215658
59
134215638
134215668
134215669
134215621
35
134215627
57
23
34
134215626
134215630
27
134215660
134215674
34
2
134215631
134215662
12
134215679
59
134215653
47
134215658
37
43
58
134215659
58
134215636
7
36
37
134215644
14
56
39
56
134215627
134215649
59
134215650
7
134215662
134215628
134215648
18
134215630
34
134215640
43
62
134215677
6
134215645
43
37
6
134215640
134215630
35
5
47
43
12
134215637
134215675
53
134215625
134215648
34
134215660
134215669
134215638
134215674
21
134215645
134215650
134215634
134215652
134215674
134215636
9
134215672
134215646
42
46
14
63
23
25
45
42
41
15
0
9
134215679
48
44
134215625
134215674
134215671
35
27
134215671
53
10
134215666
63
10
51
134215625
134215676
134215635
29
1
134215618
11
134215639
47
134215638
35
2
134215634
134215671
44
134215665
134215622
31
134215619
59
6
53
134215674
4
63
22
26
50
134215617
134215650
35
2
32
134215618
134215645
49
134215628
134215617
134215628
134215632
20
134215657
47
134215672
20
134215676
32
134215667
134215628
15
134215651
134215635
4
20
134215668
134215622
51
134215617
33
134215667
134215636
59
134215642
134215640
134215675
134215639
134215677
12
0
134215627
134215619
134215669
134215674
134215663
134215618
52
134215679
34
134215669
6
43
134215646
35
134215620
21
134215680
9
134215670
43
134215632
13
7
134215625
134215677
134215627
28
20
134215645
22
134215676
134215619
61
11
134215633
16
134215678
134215676
10
19
62
134215624
134215663
59
56
57
8
134215646
39
134215678
134215617
134215680
35
134215645
134215670
134215674
6
134215622
48
2
5
23
134215657
134215622
62
134215675
134215620
134215641
23
7
134215665
50
134215666
134215634
45
28
134215626
134215646
134215674
134215624
134215661
134215636
134215668
134215672
12
57
18
134215617
49
134215625
39
134215623
19
134215671
134215624
134215648
134215619
4
4
35
134215652
8
134215622
134215659
134215642
134215631
134215620
56
134215644
134215623
134215671
134215668
134215679
134215643
134215648
134215639
7
134215633
17
134215668
134215619
11
134215635
15
51
47
14
134215674
134215627
134215641
134215645
134215674
134215623
35
134215669
