91193302
99982089
35670998
56321908
4392325
126394615
88320010
114727658
27975048
69378222
36699325
119044185
128178179
88659170
55961306
55817475
28609652
49164300
32008283
32348994
28001827
5281491
77238659
25695855
123842975
101812349
44524114
75976670
30200878
7501246
115433408
24369171
2827160
14474911
32878925
113547687
95907598
97121059
18550408
52790112
97173850
46041050
104410759
96935500
5150649
41275563
89717740
119777305
112143191
41010271
111089277
127156279
67632816
93079330
67088117
57679982
93832141
123051593
39965422
102495121
52098555
115873874
113621084
25461255
66518286
99613458
109525861
61890007
118267109
58958953
26489739
62075584
102562877
100224385
97673419
69794299
86080420
52379330
81552442
78168840
65346775
90383696
94249079
70823668
16629861
126345366
83723879
100752673
73299914
80605197
105441116
37525368
9378601
101784840
113534263
9791421
15693395
96696572
59000663
48305343
82584655
110646523
21515880
17738916
26348722
82543561
67662273
98277702
21193148
110135336
96644447
128948307
42323932
52935962
72415899
20156305
121248277
73538624
55112117
130486512
13012542
88177284
92729878
116357213
130036137
20769608
74586326
6402236
109403068
101726889
129023573
9553679
106254280
105380371
99296647
23303266
11676502
107311642
133186600
85600377
9811372
72729925
97455272
50397902
128484417
1460932
111481227
54427708
12133018
101182302
67586193
3761107
119087240
83838759
117514675
108881749
107321368
110844452
11882126
70871339
128152138
55236387
11890211
124721831
112265134
92820673
22046351
31910374
4513776
120322991
111806197
32961947
5742139
32567873
91101428
118316941
131022935
26063078
58378491
16570952
11766798
40810522
125309653
27321854
132816630
125778364
42037418
132587606
47488907
115421828
10500263
82612944
34941083
109740863
68901432
11790266
112852211
116876279
108285347
46526857
123385329
90221704
33356026
96669868
78252369
111891608
4251046
125656776
51893117
81870045
63652137
27517375
12977313
96014705
76305630
79027431
47272525
8516998
37855107
36717864
119810335
130035549
112235892
74590581
83161013
87568206
114589399
29204959
116463555
3053725
87108070
28858041
36446983
26887854
61516021
11807866
18720876
129868187
9908306
121732947
909980
71182895
130949549
13584806
111388973
68247471
24222515
24974568
33029454
121991278
130836905
75649148
10045406
15587729
64990290
96774783
91077805
46633904
88130127
58165926
102255186
14086363
9189056
50966848
128214411
7772512
18760849
15854343
9163549
21554208
79546008
115828200
19181399
89920522
126627172
61866095
24390547
29654614
105025812
128723148
24679492
68787242
28287488
99156050
55223435
26788918
12120815
84194633
121010915
25041620
89745889
112083805
97616383
31493648
14677693
76060445
24379058
83213216
5470826
111444717
129577334
13324479
98020364
109848881
117701155
4272722
38742093
132351111
12325492
16614518
103459090
9700080
36102272
7017681
106613140
123166591
55427477
21901473
74709719
68048985
37258576
91233191
67305984
42328860
32149670
99233926
82455135
26792535
33311165
82124528
12991922
51216954
11297888
24476062
102281936
13462354
126912162
73517431
37391318
2715613
110208022
31829560
115997815
111841711
66428683
37777822
28197304
113000236
56734237
70304173
48967479
42378702
87761671
40263662
109255625
79414493
55360908
37827050
96896624
86275838
77720693
88305019
108353886
4798009
112511051
107360128
1572625
29167240
86188577
35681812
99063196
123897039
32527388
132428822
58546794
110713915
4665396
61587786
23087758
130499414
77690781
16514799
25057326
100510200
16966521
47939451
65842343
33219386
100996591
78577857
97775566
503961
75347830
132965171
56384447
48574947
75579002
100912983
4533615
73394556
120448005
88964665
133005747
10914146
99319
60950105
39907503
97758664
115572079
102475370
54094550
75985326
69579462
111753449
28231541
67705267
45224445
18164850
32420511
64940423
83178354
11671474
106788617
21904745
138684
68952535
33317726
126209745
84138254
6450114
16049849
28906655
36281201
94043948
12984252
3074025
83518462
105810800
125129165
42548899
2342824
51954344
38080717
16515983
95141325
3888934
92127929
111239225
36095577
128503968
60594246
22211349
77638174
42503371
54635216
101010959
44598509
51310878
2327972
93678406
49941551
86505468
13979814
104122631
111198044
79695090
77190847
127099090
253039
100388987
10283155
89507987
73262237
126440551
61670419
63336141
106420464
65299435
64142797
9491504
124435875
46210612
30251694
50204368
108811307
29943211
121816763
106418922
127927671
60983689
97222502
91718977
23806909
119249780
45243608
41244001
103440479
92594968
128184968
122070236
117247437
115143839
24860755
54293431
40983405
69585080
44710968
11598009
74957112
55739140
58771178
58844528
99798548
18553729
81869191
107630851
101981930
126980021
75481251
133331371
102849382
89763763
109292196
47615559
18208863
83615590
36038760
86122239
121874549
91757309
111917286
41413087
100207146
77494362
32297810
3046237
128066178
60230708
56960211
103944742
71326066
121019805
111908703
114882725
55725485
39445344
17830870
120534799
104467084
14831385
8078943
92735235
33042531
86745087
84996242
129920211
34058850
55937604
35248239
45346918
93963184
104301841
1425528
8371769
85725254
101708789
62775011
127405492
48303583
33906226
129901009
106856444
125348114
21532513
28758502
23991534
61691830
53219030
104326279
105229973
124276742
26874717
26025698
17509244
118360599
97327845
23445888
126691067
69289878
26543860
36682123
21733617
119605500
78183401
23301301
100861964
19971055
103667221
98425919
133140172
109367128
99341259
68937830
106838152
94909588
36164822
28977670
25551577
115898248
43101072
69069193
59594331
2521578
22387102
125185052
48898069
96822825
107082285
10739976
119541128
114467944
89067060
35138848
1971950
82502552
91335662
112768020
30577874
115778630
57195866
26469210
19882617
71105893
27250290
104929735
88226336
74362495
26152779
86877816
54731185
60453143
120750268
128903569
43831817
6327660
88605353
89890083
125833728
22952908
26410953
42255133
86848041
59618489
78521569
37493655
68566472
104246025
1496555
67425263
105769392
87598577
90725891
12348410
94591315
119847908
18369880
49023886
73805160
6077807
57513828
76498399
55862599
113819988
45730972
51228321
104352295
20679476
47055768
48014647
86637845
122650798
55353768
90666092
77322219
30014096
56814209
112778896
13814994
36810522
45628055
62041442
56745728
57803298
86911221
67476680
71065178
66532855
69125348
93709524
131648656
62278995
20279214
40670535
48473625
76401556
106936030
127075713
55144107
62729657
40693373
119285993
99836539
8918283
116835954
61155057
68998156
28916546
90497611
20465928
66164902
24091872
39654816
60054991
126101294
8231477
80029298
47001048
28526870
129167322
27861580
77730681
13011079
25290583
17293564
14915357
25302558
74824582
14961002
105410033
118384510
116278806
64379645
2418146
92924083
47379242
29379165
58155156
104358651
38906388
41332559
121816631
20738122
61834472
10360
41765528
38021865
120192022
33926045
91912327
16488206
104430306
59185763
1608411
38334372
62891606
95414611
43195224
60961687
10179461
33161744
56534130
57835628
85779263
124127953
44799859
88715516
60407696
78513128
35348141
79256296
30469268
56340137
87319118
70119889
104328003
76673319
84720992
116732927
34593091
118680119
126351888
32069996
104818221
86886719
81537546
122240605
111306635
24169853
79683554
77965903
18502743
110433421
19683780
47561082
52196859
80251089
17691180
93233465
73390572
120772995
122561862
85048677
102139194
132512493
122555053
63683446
62113552
76691146
37705780
29663581
41829125
9494692
30213394
42952982
116904390
42988761
60963975
2724068
37497357
8281131
43367994
48712439
103358223
75649951
13770726
124460302
60534036
71788423
89434281
43044141
34092773
35803667
64834804
111719330
128540180
7096201
95572171
23098512
27447197
21938929
101572973
26715117
96278769
129474921
15016624
35798282
82398796
125093008
96719006
126258605
32179767
40632009
103106225
40271535
78393029
80308742
24484334
12398995
20058794
89661333
103255583
62617379
21630929
74133515
22457757
42614653
102959131
21991105
39970499
84598266
87369271
77045681
77084847
14088210
32641971
38155279
47441929
108932663
125189414
16885955
125014692
36467961
72833949
17641175
50794432
12632827
92621004
60065641
38220113
13956979
114771729
7442230
57929457
79770245
15650528
30194152
64373627
70184369
108399424
34558202
108654293
17783112
107326805
110010850
16941137
68696425
1623368
39609145
20399963
88860749
20762704
7657387
27607989
5786857
91950735
71168595
71122820
33826238
124166122
126508337
109749432
195100
106882447
10331217
66416355
108450518
76928704
99224793
80387505
115351795
97168936
67998237
62798137
54556957
46059856
42895499
39932066
116119097
23749839
24093230
74196322
33294889
130447058
124152112
2774802
68256993
40386412
112626419
26415729
124176154
30719990
121058048
82079567
9740622
40277913
37013671
127615480
100588583
55288126
110846364
111025088
12518254
113968508
84659242
62547505
129036643
96609544
24248439
88747991
65350515
72889175
17444029
36186132
124299618
72449089
54118775
73296
91441378
69525192
2721230
63714382
87642852
121147606
86792420
56947643
112635779
109666606
98856507
53699612
56324289
63671970
117321079
54397086
129870966
90454910
107768168
133792929
11679089
62876278
60246529
116268354
87422691
36041648
12814533
93020235
99635061
9683235
50938705
62522273
102253329
31838460
92781595
9586485
17079967
