134215671
134215619
134215668
134215680
24
134215673
134215663
37
50
33
134215625
134215625
134215675
134215643
53
44
134215641
134215620
17
134215662
39
34
36
4
134215662
32
134215625
41
56
17
26
21
134215673
134215677
134215654
134215666
134215617
59
32
39
16
32
62
5
27
134215632
134215646
24
134215625
55
11
55
29
134215657
59
54
134215670
44
30
51
33
134215627
134215631
134215653
134215623
134215660
36
134215649
16
6
134215662
32
134215658
33
46
134215656
13
134215648
23
134215669
18
134215640
46
59
134215663
134215667
134215618
32
134215637
134215678
134215636
134215672
134215656
45
27
134215637
0
134215622
6
21
134215678
134215659
134215622
134215620
134215645
23
34
134215620
134215666
134215621
134215667
45
134215661
134215667
32
134215670
10
0
134215631
134215633
134215630
0
13
11
59
134215655
134215640
134215632
134215642
134215677
58
134215662
134215675
38
134215640
57
52
4
134215655
134215641
134215650
134215619
10
53
134215644
134215667
0
10
134215646
134215680
14
134215634
15
16
4
134215624
134215675
134215662
134215642
134215623
134215651
48
22
57
134215643
31
1
134215629
14
134215652
134215650
28
134215649
15
134215639
134215666
16
5
134215651
134215677
134215647
134215672
134215647
34
134215652
134215619
134215665
134215644
58
3
54
31
25
28
60
16
62
8
134215676
6
7
134215620
62
11
134215617
14
45
134215664
3
27
134215639
134215670
50
53
63
42
6
134215621
14
134215629
25
51
134215627
55
36
134215652
134215636
17
134215649
5
12
134215680
2
134215663
134215631
22
134215662
55
56
134215680
27
134215646
134215671
134215617
63
40
134215618
14
15
134215631
3
31
134215632
134215657
57
134215668
24
134215620
15
60
50
10
19
134215678
134215660
29
38
6
134215658
134215661
42
56
134215680
40
61
43
2
33
51
134215627
134215631
1
59
134215643
12
31
134215625
134215626
134215670
19
40
134215670
21
37
134215662
134215674
134215639
134215645
134215656
134215625
134215628
134215638
134215647
57
134215679
134215638
134215632
134215640
134215661
9
43
134215649
134215652
134215636
0
134215624
134215659
63
13
62
48
134215660
134215656
52
11
23
134215676
134215622
134215678
134215674
134215672
8
134215633
134215640
134215646
134215660
17
134215640
134215646
134215643
134215648
27
134215628
52
30
134215629
28
134215668
134215671
13
134215667
134215653
43
134215624
46
134215638
134215654
20
30
134215644
50
27
134215631
58
3
11
134215656
13
134215661
60
4
36
134215662
134215676
39
0
23
23
10
45
134215654
15
18
134215625
0
134215635
134215636
23
134215660
134215652
11
134215654
134215674
134215661
134215631
18
5
134215636
6
134215627
134215642
134215659
37
134215629
57
28
134215664
134215623
57
134215662
134215636
134215644
134215676
32
15
134215648
134215663
134215669
50
134215657
134215671
63
51
134215631
134215662
8
36
134215652
134215628
134215642
28
134215642
42
40
134215668
36
2
8
134215617
26
134215672
134215652
134215638
134215619
19
34
134215620
134215659
41
134215626
4
134215644
63
134215677
21
134215639
134215624
62
30
41
41
134215678
50
134215625
28
134215630
134215651
134215670
134215619
33
23
134215672
63
27
35
134215674
10
9
134215655
62
35
134215679
134215669
134215645
134215670
62
134215680
58
56
43
134215677
134215659
33
53
134215656
57
134215625
20
134215619
56
134215645
134215648
25
21
48
134215661
0
134215671
134215663
6
134215622
50
48
10
134215657
134215669
134215654
0
134215638
9
18
13
22
56
15
134215657
20
29
52
50
134215621
19
134215641
134215623
11
134215636
134215659
134215623
11
27
49
134215622
134215624
62
134215656
32
47
8
134215643
14
134215669
134215626
134215679
134215641
134215641
134215652
0
4
134215625
40
134215669
134215639
134215661
134215621
134215670
36
134215648
134215654
22
13
134215622
134215623
50
134215675
134215660
61
134215627
27
134215635
44
134215647
32
134215648
134215629
134215670
62
28
16
134215650
44
134215676
54
134215662
39
134215653
134215629
21
27
23
134215668
134215663
6
134215647
134215651
58
9
134215624
134215620
134215656
134215652
134215628
134215654
134215628
15
134215637
134215667
9
134215673
134215665
33
134215669
52
134215628
134215662
7
134215644
134215641
13
134215659
134215632
134215634
40
5
134215631
134215638
134215670
134215624
53
134215633
9
134215654
58
134215636
60
134215629
19
134215622
134215653
52
134215626
134215636
61
44
44
26
47
13
134215648
134215639
57
43
50
11
134215621
14
2
56
134215659
134215651
134215634
42
11
15
45
134215618
26
134215628
4
55
53
134215624
134215666
10
29
134215633
134215640
134215628
13
11
134215627
134215677
134215641
134215642
38
134215671
134215654
134215631
12
16
134215621
134215648
134215677
37
134215671
46
134215641
23
55
53
134215655
10
62
25
134215643
134215631
17
134215640
134215622
58
134215664
52
134215643
134215636
53
27
46
34
7
59
13
15
134215656
134215621
134215672
42
134215638
134215654
5
134215679
134215678
134215634
134215675
134215629
134215617
134215673
27
8
57
18
134215676
28
55
18
1
12
134215654
134215627
16
134215631
23
63
19
56
134215622
61
17
46
134215674
50
134215663
134215668
21
134215630
30
29
134215664
52
134215665
134215637
28
134215679
134215634
134215636
51
22
26
58
134215638
59
19
6
46
134215639
56
55
16
134215629
134215633
38
134215628
134215663
18
24
38
134215674
13
18
134215654
134215667
22
7
24
134215642
134215638
134215625
134215665
31
54
57
134215663
134215660
134215677
23
28
41
134215654
2
134215617
134215671
134215624
62
134215632
21
36
50
28
37
134215639
134215618
134215654
25
34
36
19
60
12
134215635
18
52
21
39
29
60
134215674
55
134215644
134215627
134215664
10
134215619
5
134215656
45
134215676
30
55
134215655
134215618
134215656
0
24
134215635
36
134215655
134215644
18
134215627
134215666
15
33
134215679
134215668
134215673
42
38
134215617
38
134215676
33
3
41
134215620
134215658
134215622
134215647
9
10
42
134215656
134215664
134215659
30
134215634
49
134215628
29
134215663
8
45
134215658
51
134215638
28
47
134215661
134215641
38
44
36
27
134215625
16
16
134215666
134215627
134215658
134215620
28
134215647
134215644
134215628
134215632
29
38
23
27
9
134215627
20
17
1
8
134215679
134215661
134215664
134215627
134215640
134215675
134215620
14
17
31
9
134215641
0
4
34
134215676
134215619
134215674
7
134215634
134215659
134215635
134215665
134215661
134215628
134215659
12
57
6
134215678
47
12
134215649
49
134215680
21
134215680
134215653
22
52
48
42
0
0
9
134215644
50
52
17
134215671
18
134215646
63
134215618
134215626
35
134215648
134215647
134215674
134215620
57
33
134215628
57
53
134215654
50
134215626
134215665
28
7
35
61
57
46
32
134215659
13
48
44
134215620
59
