62
134215640
1
134215663
12
35
15
134215644
43
11
134215617
134215651
16
35
134215641
134215632
134215635
57
34
54
45
134215619
134215659
32
7
134215623
30
29
51
134215627
6
134215632
45
134215668
134215640
19
134215647
40
134215661
22
43
134215675
134215654
29
58
134215640
134215653
15
61
134215624
134215677
134215634
32
49
134215680
134215618
134215648
134215640
7
134215665
134215661
33
23
18
134215645
134215617
29
134215618
51
15
134215634
134215630
134215669
134215654
134215627
36
6
134215678
134215667
35
20
13
134215674
134215652
134215672
32
134215671
6
134215675
56
36
134215667
60
134215622
18
134215639
62
14
17
4
49
134215650
33
59
134215625
46
34
134215664
14
134215619
11
63
23
31
134215621
134215631
134215658
9
36
28
26
6
28
62
1
134215669
134215626
7
22
134215618
134215620
134215624
134215638
32
45
14
134215626
22
134215618
134215658
134215640
134215640
60
4
34
134215642
20
134215675
134215654
32
29
134215655
134215654
134215678
5
134215671
23
134215663
134215638
134215655
14
43
134215639
61
134215621
33
134215619
28
20
48
40
134215645
134215647
134215621
57
54
61
55
134215660
134215668
134215631
59
134215649
4
43
134215678
6
29
134215635
5
1
50
134215638
42
134215663
134215633
134215657
134215647
134215634
24
134215660
3
134215669
12
40
45
3
134215671
134215648
5
45
16
24
134215653
49
134215641
134215622
8
6
134215618
17
1
134215619
134215626
134215637
134215650
134215635
134215672
134215622
58
134215622
134215650
49
134215658
43
134215634
134215672
134215672
134215646
6
56
134215674
57
61
15
134215623
134215623
134215669
134215649
22
50
9
134215654
55
134215680
19
55
30
3
134215647
134215650
134215645
49
39
18
134215643
134215674
134215625
47
36
134215672
30
19
134215665
49
134215617
134215634
18
10
49
134215651
134215656
63
36
43
134215652
134215653
19
134215643
134215673
134215655
57
134215623
2
0
34
134215633
134215640
134215631
18
134215654
45
134215648
49
16
5
61
14
134215665
134215671
43
134215633
28
44
134215660
134215647
55
57
134215633
58
134215651
134215618
12
24
42
41
41
134215652
134215666
21
25
54
50
134215639
134215652
54
134215619
7
134215659
38
134215624
23
40
42
134215639
2
57
134215666
7
134215620
45
27
134215662
26
13
134215664
51
5
26
18
8
14
134215639
37
134215636
25
134215649
134215669
13
2
30
10
134215618
19
134215670
134215655
29
47
1
29
6
134215665
134215674
134215672
12
134215663
51
134215661
20
60
134215633
31
134215672
52
134215666
21
5
15
21
0
56
54
54
26
6
8
4
134215632
14
134215664
134215655
30
23
37
59
37
134215625
134215638
59
134215677
134215638
134215625
134215671
57
8
134215666
134215667
23
16
10
134215637
134215653
38
134215661
24
60
134215659
58
134215638
37
15
134215652
20
134215665
47
134215662
134215672
6
27
35
134215667
134215629
3
34
7
21
34
60
14
134215639
134215657
32
134215638
134215636
3
0
134215656
134215631
15
134215664
134215669
134215640
134215673
37
52
26
134215649
18
134215628
134215620
43
4
54
134215673
134215666
36
11
134215648
0
10
46
134215647
45
134215664
134215626
134215638
42
20
16
27
134215669
134215669
134215662
134215667
134215622
23
41
134215621
134215648
134215627
3
8
134215628
134215661
5
41
134215634
134215623
134215680
134215627
6
134215656
15
134215643
134215640
134215665
24
9
15
134215650
47
134215649
134215653
134215675
51
58
9
134215645
21
134215625
2
134215644
46
134215653
134215626
134215657
134215617
61
134215657
9
134215662
28
134215650
47
134215621
134215675
31
134215639
134215656
134215633
134215656
134215647
134215640
134215680
134215665
134215617
134215672
134215649
4
21
134215674
134215675
134215652
34
134215644
56
53
48
134215649
23
33
134215657
52
45
56
53
23
53
5
134215637
63
47
4
36
14
12
134215620
55
134215673
62
19
47
134215665
134215674
33
31
134215658
24
34
134215624
134215673
53
26
134215639
134215642
41
22
8
16
0
134215628
60
134215650
134215673
44
134215624
134215652
134215627
27
35
134215633
62
134215669
134215680
5
9
59
60
55
13
134215659
134215627
60
134215668
2
32
134215664
0
134215674
134215629
19
53
55
57
134215665
134215642
134215644
134215644
19
56
134215652
34
134215667
14
19
134215650
48
25
134215668
54
61
134215635
35
134215656
55
134215650
134215663
56
134215668
40
62
51
30
134215665
40
12
134215653
134215628
134215624
134215650
134215628
7
134215625
57
23
134215667
134215646
134215676
134215641
134215652
134215642
134215639
50
15
55
134215680
134215629
38
134215670
52
134215666
134215631
32
134215644
21
134215668
134215654
20
134215650
134215623
62
134215669
134215634
17
134215671
21
53
134215630
134215629
37
8
26
8
32
14
8
134215640
17
34
58
57
134215642
20
40
134215629
1
134215647
134215651
134215624
134215644
11
134215667
62
1
134215670
17
40
23
134215659
134215663
134215655
28
134215651
36
134215680
134215617
134215629
9
134215662
134215657
134215676
134215627
134215669
24
46
39
134215656
56
134215662
134215655
134215621
134215664
134215635
56
134215649
134215625
51
134215638
63
134215629
32
37
134215679
55
134215666
37
10
134215620
0
23
134215658
134215637
49
134215640
134215667
34
56
59
0
134215629
57
134215624
134215643
24
56
47
134215632
134215626
134215678
19
134215674
134215621
52
62
134215648
134215617
9
38
134215666
134215674
134215640
29
37
9
134215626
45
134215664
30
134215636
134215620
33
9
134215670
35
38
49
134215626
2
11
59
56
134215648
134215670
134215648
21
9
37
134215636
15
26
44
48
21
26
49
38
134215639
134215670
134215625
134215650
30
134215663
40
45
134215644
41
12
62
8
44
134215638
134215648
134215650
134215645
134215625
25
134215633
134215674
134215642
7
134215631
50
134215647
53
28
3
21
134215635
29
134215637
134215646
134215623
134215633
5
59
51
134215642
60
134215641
61
134215657
61
23
59
10
134215650
134215652
134215667
134215646
48
134215668
134215636
21
134215650
134215661
134215673
134215670
17
27
42
43
12
134215677
134215672
134215639
134215644
134215640
40
43
1
43
54
134215674
2
134215676
58
5
47
42
63
49
134215665
26
26
41
134215623
33
134215643
134215629
27
134215636
134215646
18
134215636
26
134215636
134215662
134215677
47
134215663
134215674
134215677
44
47
134215659
134215621
9
134215625
41
21
134215650
41
33
35
134215623
134215656
4
134215630
20
38
49
134215654
134215651
50
20
134215644
38
18
134215631
134215663
46
134215674
134215673
134215672
17
50
134215655
134215626
134215679
134215646
57
134215641
24
14
46
134215618
134215632
37
134215657
134215650
23
31
134215626
18
