134215661
134215646
134215660
41
63
19
20
36
21
40
54
21
41
134215655
39
134215666
134215650
14
42
134215678
134215649
12
134215671
59
134215677
134215619
34
22
134215653
50
134215671
134215635
134215629
134215651
2
134215657
35
9
134215633
134215677
134215630
3
134215626
23
134215661
22
134215632
45
0
134215672
28
44
46
134215622
9
134215674
62
134215664
134215654
47
7
134215618
134215671
134215672
2
134215675
13
0
49
134215642
134215656
5
134215657
23
134215667
134215666
134215652
57
31
21
61
61
2
134215635
26
28
134215641
134215642
134215663
134215635
41
6
134215660
19
62
134215663
5
134215622
20
23
19
4
134215642
134215666
14
134215654
134215664
134215647
134215672
134215667
134215617
134215629
27
134215622
134215631
54
12
134215673
43
134215661
4
134215632
29
134215668
50
134215645
25
134215666
134215667
9
134215635
134215629
35
134215661
134215631
134215680
134215644
12
22
134215649
134215634
134215628
134215662
134215623
134215655
8
48
55
134215620
134215664
60
54
30
60
134215643
40
55
134215675
30
52
14
134215627
6
16
134215620
19
134215625
134215673
37
31
134215627
61
134215654
134215645
23
134215648
40
55
134215664
53
134215656
48
6
134215674
57
134215659
134215668
51
134215637
134215665
24
33
134215645
134215653
62
134215673
61
0
31
134215677
134215623
26
25
43
21
19
13
8
134215639
45
9
134215631
2
134215677
34
1
46
15
39
134215635
18
134215668
3
5
0
6
14
46
134215653
134215672
41
30
134215671
134215629
40
134215671
134215646
11
12
134215627
134215659
134215651
134215680
134215634
134215670
17
16
134215678
134215659
61
4
134215621
134215622
23
134215653
134215619
134215672
35
134215676
51
6
134215618
60
44
134215672
10
25
134215648
134215664
25
134215623
2
6
40
41
15
3
134215663
134215669
134215670
134215638
35
134215658
134215656
134215645
134215657
1
134215668
5
134215654
42
134215619
134215676
134215671
56
134215640
134215646
9
134215667
134215653
134215650
36
134215642
134215674
54
134215629
23
25
134215634
134215664
134215633
1
134215653
21
134215629
134215672
2
134215655
134215648
134215654
9
33
58
134215639
134215645
38
134215622
134215660
134215646
5
134215675
134215641
134215637
134215637
2
0
134215632
134215639
134215637
34
134215639
134215626
9
134215674
134215646
26
134215621
134215666
134215627
42
134215625
134215663
55
134215620
18
44
9
37
35
134215658
134215671
134215676
134215637
134215668
0
62
14
3
134215677
39
30
134215661
21
55
134215674
134215678
134215679
46
134215627
5
134215649
134215634
134215646
43
16
134215653
134215659
134215636
134215673
134215634
134215670
56
38
134215635
134215668
134215648
134215619
23
134215634
134215670
20
14
134215619
2
17
134215679
58
134215645
32
134215659
134215667
43
21
134215633
33
134215642
10
46
134215637
10
134215656
39
4
134215648
10
134215622
134215618
134215678
134215666
36
134215636
58
134215673
57
43
134215628
40
52
40
55
134215680
134215664
134215626
32
134215634
134215671
12
134215657
10
134215621
56
134215666
49
33
40
134215658
44
134215627
58
27
46
54
50
22
134215655
134215664
12
134215666
134215634
134215633
134215628
0
134215634
134215664
13
134215640
46
134215653
134215673
1
134215679
21
54
134215679
134215632
33
134215659
6
134215627
134215626
134215640
134215638
134215670
134215623
134215642
134215665
53
0
7
15
134215674
134215631
134215656
36
7
134215671
134215645
134215678
134215673
134215624
0
57
134215625
134215648
35
134215668
134215624
51
26
134215639
29
23
62
134215617
134215672
21
134215646
134215644
134215642
134215653
134215629
24
32
38
134215647
52
13
57
134215638
134215640
134215624
134215619
60
134215674
134215668
38
60
134215678
45
134215678
49
44
134215628
14
26
42
134215621
134215632
134215627
134215643
134215620
134215662
134215639
134215652
42
134215645
134215629
59
134215649
134215661
134215671
134215635
134215665
134215679
134215669
134215640
134215619
134215623
63
41
134215667
16
22
53
134215656
134215625
18
47
134215653
134215662
134215637
134215631
134215644
134215629
134215645
1
60
56
33
47
134215667
134215631
52
11
134215635
134215656
134215680
134215625
134215672
9
134215645
42
134215626
134215629
134215665
59
49
134215663
134215631
20
34
17
59
134215635
134215639
44
134215648
57
134215621
134215617
134215646
134215640
134215621
48
54
134215669
3
134215641
42
134215635
134215663
134215622
1
50
134215644
134215655
7
134215667
63
29
134215653
37
134215634
30
15
134215674
2
42
56
8
134215643
59
47
24
134215666
28
25
134215670
43
134215640
134215644
24
42
17
134215679
134215618
134215654
19
44
134215637
134215676
134215652
1
37
57
16
19
134215619
4
40
15
134215635
58
61
134215663
134215674
15
134215643
39
134215678
134215672
134215626
134215625
43
134215622
50
39
2
134215657
134215630
134215664
58
40
16
134215657
134215675
134215652
17
134215638
22
134215656
134215662
134215659
38
134215651
134215679
17
134215659
134215631
134215649
57
134215623
134215661
134215662
134215650
134215626
36
36
57
134215645
16
57
58
23
134215619
134215676
32
134215648
19
7
134215673
134215671
134215671
11
56
134215625
134215663
134215648
134215642
134215674
134215680
4
134215631
134215670
134215637
18
30
50
52
134215625
134215679
49
39
134215650
134215627
134215647
134215633
134215664
134215663
134215638
134215618
134215624
9
134215644
32
134215624
14
134215660
3
46
134215629
134215674
134215667
134215673
134215678
58
134215645
13
134215644
19
14
7
54
134215659
134215625
134215632
134215646
134215627
60
32
134215634
17
134215674
45
134215636
134215638
38
11
134215625
20
134215672
134215666
134215633
53
134215651
134215671
134215658
4
134215679
134215659
40
134215674
134215645
134215640
134215664
18
134215636
46
20
134215672
37
134215629
43
26
134215668
36
134215654
59
10
50
3
54
134215642
20
134215643
134215670
134215628
41
27
8
24
134215677
37
43
134215649
63
134215648
52
61
2
134215663
20
33
54
57
134215644
24
60
20
36
134215654
134215679
37
26
134215663
134215669
134215667
134215629
134215647
50
59
134215650
1
134215628
52
134215631
134215625
134215632
1
10
134215622
17
134215617
134215641
47
40
134215668
134215662
31
26
134215658
134215627
53
134215677
51
134215668
59
1
40
32
134215624
134215627
134215638
27
134215661
18
134215640
54
134215670
5
21
134215628
1
134215643
134215657
38
134215643
35
48
22
20
62
35
18
134215653
37
134215624
19
23
12
134215645
134215655
134215662
134215646
134215674
30
134215621
134215622
134215672
134215631
2
1
26
18
39
29
134215646
134215673
134215674
134215670
10
134215659
134215627
134215671
2
134215671
134215680
134215655
134215669
7
7
49
134215653
55
134215619
134215629
49
134215634
134215645
134215666
55
134215635
49
134215639
134215630
134215625
3
18
57
50
134215646
134215665
134215661
49
134215634
16
22
7
134215621
134215677
41
46
10
33
54
134215621
40
49
9
134215618
134215670
134215641
134215644
134215627
