134215664
134215672
8
29
0
134215655
134215670
134215666
8
134215662
134215660
134215664
11
30
134215663
4
134215676
134215664
17
134215667
12
134215663
134215665
134215671
134215675
8
134215650
9
134215680
14
5
134215650
22
134215680
134215649
24
8
134215675
1
19
17
134215657
134215673
134215678
134215664
31
19
25
134215669
13
30
23
7
30
17
7
13
3
134215649
134215659
0
11
25
13
134215660
10
16
1
2
10
7
2
30
6
28
31
134215659
134215668
134215651
134215649
134215675
20
25
26
3
134215665
0
134215663
19
134215667
18
134215676
24
134215652
134215675
29
134215656
134215680
25
23
134215662
134215669
8
10
134215666
134215667
134215661
9
24
134215680
134215658
20
134215665
134215669
134215671
14
134215662
25
31
21
0
19
16
16
30
134215677
14
4
19
134215663
20
17
134215680
2
22
20
134215678
134215673
134215657
134215658
4
4
18
22
134215678
28
15
11
134215660
28
5
15
29
8
134215676
11
134215663
16
12
9
23
27
134215653
134215670
21
134215657
16
22
134215675
7
20
134215653
134215661
134215667
3
19
134215651
134215676
134215653
1
134215652
14
134215673
24
30
13
134215673
20
10
8
29
5
134215651
134215676
27
134215668
17
134215650
134215680
6
8
134215651
134215663
134215657
19
134215661
134215667
4
134215675
134215659
11
134215658
134215664
134215674
23
134215666
134215678
30
134215652
134215658
2
11
134215651
134215663
134215674
134215669
31
21
9
134215675
134215657
134215676
7
16
134215665
15
28
12
0
28
134215665
22
134215652
134215654
134215676
9
29
7
134215669
31
19
134215667
134215662
16
134215671
0
10
134215663
134215658
134215660
134215665
1
134215654
1
134215674
134215667
134215678
134215652
14
134215664
29
134215659
134215669
15
134215676
134215675
134215653
29
134215653
134215656
134215672
134215663
134215664
2
6
134215653
7
25
134215676
16
19
134215653
21
22
3
134215651
4
21
17
134215675
134215666
20
1
134215677
1
29
134215672
134215667
134215654
134215658
134215669
9
134215672
134215662
134215662
134215674
134215663
1
20
3
134215661
11
13
134215676
10
17
134215680
19
134215671
134215658
31
1
134215673
134215680
134215673
12
12
134215659
16
10
134215672
29
25
26
134215668
12
134215654
10
134215674
21
134215663
134215657
134215676
4
134215655
1
134215657
134215661
31
20
20
31
134215674
134215679
134215664
134215665
9
134215657
7
134215653
27
134215678
134215656
1
134215678
24
134215653
1
29
134215678
25
11
134215677
28
134215660
5
5
134215678
134215667
134215653
134215661
134215669
21
16
19
3
21
19
134215668
134215673
134215669
14
1
134215672
134215650
134215652
134215654
30
31
0
27
22
134215658
134215660
134215680
134215651
134215673
134215653
23
25
134215657
134215677
29
10
134215677
10
134215652
18
30
1
18
20
134215675
134215679
12
134215655
134215675
134215665
134215671
134215671
24
7
134215651
26
134215650
134215664
14
0
32
134215678
3
134215668
18
134215672
30
134215671
22
10
4
134215667
134215651
134215651
134215666
18
134215652
134215652
134215680
23
134215668
134215674
21
134215676
134215659
134215659
134215674
14
134215675
3
134215667
27
134215662
12
24
18
134215668
134215666
14
134215661
26
6
134215654
134215652
6
15
134215678
19
134215679
2
134215674
11
134215656
134215664
134215652
0
134215667
134215653
16
7
18
23
134215664
134215665
13
134215673
134215679
134215653
134215675
25
134215666
134215679
134215672
21
134215665
134215655
134215670
134215666
0
6
134215671
134215674
28
20
4
134215656
30
134215664
134215667
17
134215651
32
10
134215675
15
134215665
134215659
134215652
134215661
134215677
24
134215668
134215651
10
27
2
29
12
134215679
3
134215660
134215666
134215652
16
18
28
4
134215676
134215676
27
8
9
6
22
9
0
134215675
134215669
134215656
134215657
134215672
18
23
134215667
134215655
134215662
134215660
134215667
134215667
134215655
14
31
4
1
2
134215677
134215657
13
134215680
134215654
134215662
25
134215655
6
134215671
134215670
134215654
134215668
16
10
134215651
16
27
19
134215677
1
1
30
29
134215669
23
134215666
134215659
25
134215669
134215672
1
1
134215662
24
26
134215649
9
17
20
31
134215665
24
24
9
134215663
134215653
134215653
134215673
134215670
11
22
134215656
134215662
134215676
134215674
6
0
17
134215659
30
27
21
20
8
134215672
134215675
134215661
134215680
134215658
18
134215672
16
134215671
134215657
4
7
134215657
134215662
1
6
134215652
17
21
16
134215660
134215677
134215653
26
1
134215673
134215667
134215678
15
134215677
134215677
24
7
134215675
134215661
8
23
10
134215679
134215666
134215658
134215671
2
3
134215674
134215672
24
25
24
134215655
134215673
134215656
134215676
134215672
24
29
134215663
134215663
134215660
134215672
134215679
7
27
15
15
14
134215671
10
134215672
134215673
134215652
1
22
134215674
30
134215673
0
134215655
11
6
6
134215669
134215649
134215661
16
26
15
134215660
13
134215657
14
5
134215677
134215662
134215670
23
6
25
134215658
16
25
134215668
5
134215671
134215662
28
29
0
134215679
28
134215671
134215663
134215654
18
21
12
134215671
0
8
13
18
134215665
20
134215651
9
23
8
134215653
134215673
13
12
134215651
134215657
17
11
134215676
134215650
20
24
18
22
2
134215658
6
11
19
29
16
134215668
134215673
134215679
134215655
19
134215662
7
134215652
134215656
6
134215656
134215658
18
134215653
134215655
18
134215679
20
12
134215656
134215662
28
31
134215672
15
134215679
0
134215649
134215673
17
134215654
134215667
134215672
134215655
134215678
134215677
134215679
134215658
3
13
134215668
134215670
26
10
16
19
134215673
24
30
134215677
134215676
5
134215652
134215656
0
26
134215674
14
134215665
11
32
11
3
19
27
4
134215670
134215652
134215668
134215651
0
134215663
134215680
19
5
12
15
134215670
134215679
134215669
134215676
26
134215677
134215654
134215662
134215671
134215657
134215667
134215680
134215678
134215659
24
16
134215678
28
25
31
134215680
18
20
134215657
134215662
25
12
22
134215664
134215663
134215658
28
134215671
32
134215676
134215660
134215679
10
134215650
24
3
134215666
134215674
25
18
16
9
8
134215660
10
134215652
134215676
134215659
134215664
25
134215664
11
6
5
134215671
22
134215671
134215669
7
12
134215672
4
134215659
6
134215680
134215679
134215650
2
134215670
134215668
31
14
29
134215664
10
27
22
30
134215668
32
21
25
134215676
134215651
134215651
134215668
134215661
4
2
24
17
134215680
27
2
134215659
29
20
134215679
30
134215655
134215657
134215664
134215650
5
28
134215663
134215656
134215659
22
22
134215661
21
4
0
134215651
134215671
134215679
134215661
134215666
134215668
12
134215654
17
16
134215680
20
27
21
20
134215677
3
24
134215658
8
134215670
17
