134215664
134215669
8
134215672
134215657
134215662
19
0
134215657
134215661
134215667
22
134215652
134215672
134215658
134215650
134215673
134215672
28
134215670
22
19
20
0
134215680
24
134215662
134215664
21
30
20
1
27
5
6
10
26
134215665
17
134215654
134215662
134215678
12
3
11
11
134215675
11
24
15
134215656
134215668
134215671
0
23
134215669
14
29
134215659
28
19
18
134215649
134215658
3
134215651
134215678
134215662
5
29
22
3
134215651
15
134215652
134215657
134215663
22
26
134215660
23
134215663
134215670
134215663
23
22
12
18
8
7
134215676
30
10
26
28
134215673
0
15
0
134215651
6
1
21
134215663
134215665
134215657
22
5
16
134215659
134215666
11
134215653
13
7
8
2
134215649
134215673
18
0
134215651
134215680
11
134215679
134215670
134215664
3
134215661
134215650
134215663
134215662
134215672
134215679
134215665
134215657
20
24
134215679
22
9
6
3
134215669
29
2
3
134215669
9
21
134215658
134215660
18
4
134215679
17
4
15
8
31
134215654
134215658
134215649
4
12
134215650
24
134215673
134215672
134215655
134215658
4
12
7
134215668
134215677
134215663
10
0
25
18
134215653
21
134215661
24
134215666
134215671
134215657
1
28
134215662
134215670
134215675
32
134215651
134215649
134215666
134215666
2
134215680
134215670
6
134215674
134215663
18
134215656
134215662
134215677
134215666
31
22
134215660
1
1
134215669
134215666
134215656
23
15
134215671
16
0
134215661
31
134215671
25
134215650
3
134215653
17
28
134215653
134215666
29
134215667
134215649
2
134215671
134215669
30
134215670
134215660
134215658
134215668
134215650
14
134215649
134215654
134215665
17
8
134215650
134215670
29
1
134215674
134215653
15
134215679
14
134215665
134215661
22
2
25
134215671
134215665
1
134215660
25
134215657
134215665
5
3
14
134215659
18
30
134215660
18
134215651
134215661
134215662
23
134215650
3
134215655
134215650
2
0
30
134215649
134215680
12
32
12
30
7
134215651
134215676
7
134215679
16
7
17
17
134215675
134215665
6
134215669
8
20
10
134215680
134215671
7
134215660
21
3
10
22
16
134215675
0
134215678
1
134215653
134215667
21
27
134215668
19
24
134215655
26
0
5
134215671
134215675
134215659
11
28
134215654
134215658
14
134215663
134215673
134215651
134215679
134215666
134215659
10
0
134215662
134215663
134215651
134215667
26
134215660
17
134215679
22
17
25
19
134215650
28
134215669
134215653
134215678
17
29
134215657
134215677
16
134215680
21
15
3
134215664
5
134215680
29
30
134215665
134215657
134215662
8
134215656
134215659
134215680
6
29
134215675
22
24
26
134215672
21
134215653
134215679
21
134215667
134215672
134215668
2
6
5
134215670
134215663
134215672
19
134215675
4
20
14
134215675
134215661
134215650
134215664
5
134215666
24
2
134215665
29
29
134215663
134215661
134215679
134215656
134215658
134215652
134215671
134215656
28
17
134215671
134215668
134215649
134215657
31
134215673
14
134215666
5
134215652
134215665
134215678
2
19
2
29
1
25
134215657
134215661
134215651
6
4
27
32
134215665
134215651
134215668
134215680
7
11
134215669
8
134215669
20
10
7
5
134215664
134215679
134215650
134215655
2
3
0
134215666
134215671
18
134215677
6
134215680
7
134215678
20
30
21
21
0
0
134215679
134215654
26
8
134215650
134215669
134215656
134215667
24
9
27
25
12
134215679
134215664
17
21
134215679
2
134215657
134215651
134215671
134215673
29
134215656
134215654
134215679
134215666
134215677
134215666
12
22
134215668
20
134215660
7
1
134215672
31
5
134215658
23
134215676
0
20
134215666
3
5
10
134215649
134215657
134215674
134215669
5
31
134215665
134215668
134215655
134215676
13
134215658
134215667
20
4
0
134215669
134215663
4
5
134215680
134215660
25
1
26
134215652
0
134215659
134215677
26
26
134215664
0
29
19
15
134215680
134215656
134215651
134215669
3
134215659
134215670
134215653
27
134215665
134215680
134215653
134215658
23
11
25
134215661
14
28
134215677
134215671
134215657
134215670
134215652
134215657
134215652
134215659
134215651
134215677
134215658
17
134215668
0
30
22
3
12
14
28
19
134215679
134215655
134215670
134215666
16
134215676
30
10
134215666
24
5
134215675
29
5
20
134215669
1
134215655
26
134215673
7
134215677
21
134215656
134215656
16
134215665
23
13
134215665
134215675
5
134215663
134215660
134215662
134215679
24
134215664
18
134215652
134215652
134215659
134215675
29
7
134215673
21
24
134215662
7
14
134215659
134215658
134215662
134215670
134215666
134215672
134215652
134215658
7
17
12
9
7
134215661
1
28
1
134215680
134215666
22
134215653
6
9
134215663
8
134215670
134215649
134215663
16
10
17
8
134215674
134215677
31
24
134215669
134215651
23
134215676
27
4
7
134215670
31
18
134215654
25
3
17
134215664
134215668
7
134215654
134215654
134215650
27
134215670
134215664
7
134215672
134215671
17
134215674
14
134215670
13
134215653
27
1
20
134215669
5
134215666
134215650
5
4
134215659
26
134215666
1
134215663
134215674
134215649
134215676
134215678
8
134215680
134215652
134215675
134215670
134215671
24
134215664
31
7
28
134215656
4
22
1
134215674
134215653
20
134215658
14
15
134215666
15
134215659
13
134215652
134215668
26
29
8
9
134215656
31
134215657
1
23
8
134215668
134215672
9
7
134215668
134215670
134215662
4
134215670
22
14
134215668
134215662
134215664
134215672
134215654
21
27
21
134215660
15
22
134215666
134215650
134215664
32
134215675
134215675
12
134215660
0
24
134215679
134215654
21
21
12
23
7
0
134215667
14
134215650
11
134215673
134215653
14
134215674
134215661
134215655
21
24
4
2
10
134215655
18
134215659
15
134215669
134215658
10
29
134215673
134215653
1
134215675
134215658
134215663
134215668
4
134215655
134215677
11
28
134215660
134215658
30
14
134215673
134215655
8
134215677
24
13
134215657
28
134215664
7
5
10
11
134215658
134215669
2
134215668
134215673
32
1
134215651
3
4
15
6
13
9
21
14
27
134215650
13
134215660
134215659
12
6
134215654
23
134215651
134215672
4
134215680
28
134215662
134215662
134215671
134215671
134215678
19
134215662
134215657
134215674
134215655
134215676
24
9
5
14
5
134215649
17
18
2
134215662
2
134215669
134215659
13
27
0
134215652
134215671
134215659
134215679
134215652
134215652
134215654
14
134215650
30
11
2
13
134215661
134215653
134215658
12
10
25
6
29
134215650
134215679
17
25
17
134215667
20
2
134215656
23
134215657
134215660
12
134215664
4
17
20
17
22
3
13
14
30
134215674
134215655
4
25
15
25
20
134215668
134215669
19
18
134215666
8
134215649
5
134215671
1
1
31
26
134215671
1
14
0
134215675
1
134215670
25
134215673
134215668
134215660
134215651
134215668
134215675
16
8
