134215642
10
63
134215629
19
134215678
134215672
47
134215677
134215640
134215634
59
134215669
56
134215635
2
56
62
0
134215669
134215654
134215630
134215666
1
134215675
134215637
134215672
134215638
53
45
134215665
134215619
18
62
43
2
134215663
134215637
45
62
62
134215626
14
134215637
134215620
134215648
134215636
134215621
14
134215675
134215657
38
1
134215659
134215643
134215667
2
134215618
134215661
134215658
20
47
134215651
59
17
19
134215679
5
134215634
134215633
30
6
13
134215619
51
134215672
134215655
50
134215638
134215666
46
26
59
36
134215628
51
7
134215635
134215656
51
6
42
18
134215673
134215661
13
21
134215653
134215646
0
52
134215642
18
134215668
40
40
62
12
134215622
134215643
134215674
33
134215677
134215660
134215662
134215622
36
134215679
134215634
3
47
134215647
134215624
134215620
63
134215651
134215678
62
13
134215629
134215642
63
134215620
24
134215618
134215633
134215663
134215620
134215659
10
134215649
134215617
134215664
134215638
134215661
54
134215627
45
2
47
15
27
134215639
134215636
63
134215670
51
52
2
134215653
40
134215675
134215665
39
134215673
134215649
62
134215661
62
134215653
134215634
134215658
134215633
134215626
55
134215676
47
134215663
134215676
134215642
13
40
9
36
134215667
134215653
62
134215662
9
32
134215627
30
134215640
134215644
134215674
134215631
134215650
52
134215656
134215629
28
8
25
14
134215617
134215618
39
134215629
134215665
134215633
134215666
134215660
134215660
134215644
25
27
34
60
46
7
61
134215658
134215620
26
41
134215643
46
53
32
5
13
134215673
134215627
3
134215656
134215641
56
134215642
134215643
42
34
40
134215633
134215620
134215653
134215639
52
16
34
23
56
134215659
134215663
61
28
17
134215638
57
134215680
19
134215647
134215639
134215670
55
134215659
32
6
10
134215673
134215632
134215641
20
12
52
134215621
134215636
34
52
52
24
7
39
35
59
134215671
134215621
134215620
134215641
2
56
14
41
134215627
134215621
52
4
32
134215664
134215660
134215625
134215629
5
42
2
134215626
134215665
134215646
134215635
13
7
31
134215659
14
134215664
134215623
134215637
134215637
134215627
134215621
134215619
57
8
50
6
62
134215660
134215640
134215638
134215656
36
134215641
134215643
40
28
10
49
40
20
14
134215624
134215654
58
134215675
49
134215629
40
62
134215638
51
134215635
134215680
134215648
33
19
61
134215640
134215668
134215638
57
134215641
134215667
134215621
134215627
42
134215632
19
134215659
57
134215668
11
134215653
50
134215644
16
134215654
36
134215666
12
134215619
134215675
2
16
134215652
134215651
47
134215664
45
134215662
23
134215659
10
38
134215622
134215638
134215625
134215671
56
134215618
23
3
18
134215635
32
8
134215642
14
43
134215665
30
2
134215641
134215659
134215626
53
2
134215636
134215659
51
134215669
62
134215668
18
134215617
134215639
38
33
134215656
17
20
37
134215638
55
45
8
30
134215632
134215627
34
134215642
134215628
134215617
134215645
134215647
134215660
7
134215645
16
11
134215661
61
29
134215641
29
47
134215635
60
134215674
134215650
134215631
27
63
134215673
134215622
13
134215672
134215638
39
6
134215645
54
134215652
9
134215623
10
62
134215620
19
134215618
134215647
10
10
53
134215650
54
50
10
134215671
55
134215651
57
134215660
28
42
10
134215670
134215620
134215626
134215673
134215620
9
13
52
8
134215670
41
134215678
61
134215636
134215672
41
134215641
134215672
134215645
37
134215652
24
1
11
134215639
56
134215625
51
12
134215624
134215672
63
134215630
30
134215618
26
134215643
134215672
134215647
35
134215680
134215648
134215663
9
134215642
25
134215624
134215630
134215626
134215638
134215653
134215679
134215676
134215661
1
134215676
50
134215664
134215633
134215640
134215649
15
134215650
134215662
134215666
134215628
134215617
134215680
21
6
8
40
34
134215647
35
134215637
62
18
134215625
55
44
134215666
28
134215636
134215679
134215654
31
50
26
134215650
63
53
9
50
60
134215625
134215634
62
134215667
134215624
134215635
134215645
7
134215663
134215634
0
134215626
134215633
46
0
50
17
17
10
134215662
134215625
55
134215666
134215667
134215633
134215668
42
134215653
134215662
134215655
24
25
134215644
134215667
23
134215642
134215634
20
32
32
17
13
4
42
134215620
134215649
134215635
42
134215628
3
134215648
7
134215629
134215619
134215680
134215656
11
58
18
134215656
5
1
6
21
134215663
134215623
8
59
134215658
46
39
134215654
134215669
50
35
134215679
134215640
10
23
54
20
134215641
43
15
14
18
58
134215627
134215653
134215674
46
134215621
134215670
17
28
134215652
30
1
28
23
134215675
134215674
134215631
134215617
49
35
61
9
33
58
134215666
13
26
134215640
39
134215660
23
134215629
9
38
134215632
134215623
53
4
2
30
8
134215678
62
134215652
30
134215669
8
52
56
23
134215627
50
134215622
134215633
57
134215637
134215630
20
134215643
134215663
134215674
134215639
37
21
134215680
134215630
2
41
57
134215642
134215653
24
57
36
45
16
134215640
134215628
134215649
134215665
17
134215629
19
41
48
39
58
134215622
7
134215620
134215679
61
134215647
27
134215658
134215670
134215671
47
134215657
134215618
23
56
54
63
13
134215636
134215644
134215619
134215676
134215661
43
55
134215618
32
134215657
134215674
32
38
134215661
47
134215624
6
16
57
134215629
134215649
35
134215634
134215656
2
24
48
4
134215637
39
134215638
134215650
63
134215650
19
134215665
44
40
134215648
134215657
2
46
16
134215651
56
134215658
134215631
134215677
134215675
134215647
134215641
9
134215677
63
134215650
61
36
46
2
134215641
134215639
0
134215659
26
134215646
134215661
134215679
134215629
46
134215654
34
134215648
27
58
134215622
6
134215633
19
41
7
12
9
134215625
8
134215629
134215646
134215632
134215636
134215636
134215626
134215640
9
134215649
9
134215634
134215638
134215656
134215654
134215621
134215648
35
26
134215635
134215636
134215643
134215666
47
134215646
55
134215656
134215674
134215655
134215630
134215639
28
134215667
48
134215662
134215668
134215661
134215625
134215634
62
38
134215646
134215678
134215652
134215620
51
32
134215653
5
134215623
56
29
134215677
35
134215617
56
33
134215617
134215662
134215617
43
134215638
53
10
9
37
33
10
134215621
134215673
134215667
134215618
134215647
134215628
62
18
63
134215664
7
41
30
55
134215632
1
134215642
12
25
134215668
134215635
63
134215618
134215656
134215657
30
134215654
16
134215668
53
14
134215673
134215669
134215670
8
134215618
134215677
134215642
39
134215628
134215659
134215662
17
40
134215655
20
39
134215635
38
134215676
134215676
134215629
1
40
134215624
134215669
134215632
43
134215647
55
22
2
13
62
134215667
134215667
134215667
134215623
54
134215676
61
28
134215669
134215674
22
134215671
134215625
134215654
16
134215656
134215627
18
134215675
134215643
134215664
9
27
134215677
134215633
134215679
6
134215652
134215671
