98446797
114484824
15938906
60593289
565122
79741254
111804867
102533620
15862343
93981684
90247892
99418704
23893116
62141156
96652118
9369753
122824803
98516779
34805009
105772693
25653289
96534038
100070147
112366969
122516977
16752916
68454632
18729778
131852825
28825903
10042048
69181725
45327883
131344607
67156223
50017331
17142088
120798302
1468445
39124499
36267611
84261225
118004924
128566188
99544571
64883416
40642369
53188216
109705209
26426181
61935117
48993776
14161678
63496825
36422769
15400007
27762457
6879066
67758749
88674234
820058
23388255
53000947
26688370
89585928
20725040
33523319
1097775
3627175
21883991
13759404
3932776
62600145
12929865
59422991
65927247
88041894
105993389
71731106
68043372
122508896
42933873
52937006
54634694
5459229
100173288
142384
96609412
39679783
104653022
38720630
122813192
49427901
72663382
120936188
60798688
81803951
131766909
51661313
48286559
95093143
108050998
17034368
20887695
102596391
104983184
91336571
17919795
50330491
131658006
85104651
41821635
100910513
109288103
113057592
29219569
93650493
51837996
65344873
43316700
164378
40003475
33492606
34371979
62101804
124888602
30166088
7534722
39369011
97434748
41543879
35087820
132303182
3896882
45442786
41992077
128935345
118177284
82969387
86140872
8906889
7431519
38090309
46539563
128838447
58344502
30529492
22993789
89545127
57816982
10640952
31906608
61837033
16653786
123659528
23303220
96293795
33340628
24579808
18389463
49071855
56173794
75299556
110772163
43327838
84115812
33350719
46890004
121195105
14274440
42722605
74946139
92990072
104506878
6097847
40562513
70863907
124720051
76394353
1153674
73739121
28973051
116702016
50756794
62463044
27817194
116568408
42719637
20539942
17053753
60591164
10965170
70264336
123464133
56647470
107361340
36609716
69105693
131483469
13319685
16950059
71615717
96797872
83397981
39324320
92160404
104382037
7963633
122086100
88247948
23987324
85090029
98433277
119059915
48107800
103135345
127160105
61982543
72944541
85713152
3934457
22182315
71481734
97466954
119912393
108673825
64046894
43734721
19476963
120730475
83135636
123815637
13974250
34301470
101600285
32144142
58256992
26051949
134069780
58991865
101281002
46067972
72562524
77537398
123925114
19286142
61458479
14335634
109636882
64609907
39633441
105650644
94886505
34278287
112814616
133880019
21986214
97372608
86472059
90902853
101333778
2941116
78485055
1676825
118715242
105577739
126878891
73623423
29865876
99370148
60990183
88520907
109345540
31691713
122899623
122503041
74676630
60782277
74559956
81293924
116023955
97110379
99527810
4092769
12332493
76377029
14778515
52787612
123566718
34222717
40178986
75815114
43875659
46758699
6888480
71197535
7794348
43828332
34830581
122153506
101853362
40997370
2681941
126645417
1940244
60401127
114557822
104727651
76652662
85553045
108568604
18595985
114453047
93520493
94412259
119681958
95992128
1487673
41807730
6615644
92798057
23973958
26320135
123495139
20262454
35148601
131668660
39908697
113616560
85965396
63978794
2616313
117531188
131949022
117700837
24412118
24111015
88892132
32877047
21303607
115663626
60269637
52364356
53738632
106423888
24661310
76978644
21428355
118611180
44946656
96279584
84766503
123786078
9167271
79806672
2201042
84606031
93047482
64737682
41301090
41614087
64503108
118923825
129872207
98400268
99620549
19400492
83311015
14712357
74992548
56839894
127839727
81035927
1350542
128070776
50708052
75020002
1087259
60450059
127220307
51392569
22390909
125331106
59577706
89931742
11383312
10220781
128459117
104428533
74932411
92631713
108647365
43553585
32745674
40155500
5730118
43688136
38816586
107503707
117715601
108757459
30000890
1941805
114358505
68386982
74200891
78402870
62352835
64917471
161011
57407743
45667717
86426183
90562531
132024453
71902344
117128491
75747053
48835104
51446999
84798356
126847889
60195324
20672397
124861686
21406331
72587404
38387271
63600814
2724347
37546361
40950992
121156620
130847876
25089443
79371664
122653713
100520459
112528448
112464754
49528687
15710045
72228024
54661115
68771975
98808531
29034006
767018
66798813
128735712
5807067
107032751
37738576
115427399
63312843
113716367
46618173
21734671
8592681
103892331
70569681
70865713
102961464
37702387
72837923
73150281
132529719
47216740
107094104
120168501
44033430
123140116
88399993
87502663
118947518
28421042
121736955
5861894
105608148
56590471
93664969
25512549
49355470
38633279
107683709
103762051
30209310
92781284
54912315
12870777
76735333
72491650
11664045
31875822
128590919
40155199
129274551
3162143
119044938
23627674
81327223
98508516
74345385
463365
105085773
74969835
33353181
14352004
36715468
47227798
97695711
99783767
26256359
117090209
130107770
75690336
120822597
52713883
102483264
129934133
115197610
43240364
100587296
80713780
111817600
102417018
1027724
13446576
112780445
120007110
59483621
41470940
8212497
81922763
63631044
98980374
104365635
35003561
71115396
67103667
20603810
122493235
31366619
101348424
87798120
74304248
91756016
126105191
50058933
107017821
70979666
20829725
55731576
3213022
60263691
25236788
129620512
6629247
90037528
102130897
73898316
33994308
38611751
57766320
8361192
123348446
124280304
56794444
16609280
18216430
12253938
45508910
18364466
134198989
121795040
109060959
82499901
84761330
116283241
38343770
47528145
104087589
80364292
94409297
90467213
105782220
104628470
79122294
28717561
64829105
9234915
1287875
3272010
126279194
84387392
27033695
132404788
78025731
94668986
51697500
80228569
12314308
114151965
112065947
77144258
107277129
33046363
20620328
70251396
33850537
56913367
39146721
125770884
1942989
1472561
63053151
59807921
108523312
49096507
102826517
87181620
52594786
109090145
115810507
2730712
3020322
93644660
49994867
55140924
67164224
18329260
35302215
41771560
64002071
100750137
49379902
51052934
18852926
97504471
76308749
74657586
116955743
110426228
22829359
45821264
81390320
94796670
122958049
119297975
12177056
995805
35705501
88842332
63835921
56117134
44776555
42959091
17224987
116249623
120585230
92726509
132568408
85561266
36998171
115011705
34524610
113984667
84210258
8492410
14314352
83780989
94028781
1807614
12191902
73545465
35889339
45036195
33606026
91213294
124969483
76330411
53735806
2424904
118082132
105518149
128253995
31623536
126425365
126302716
50025470
14649262
122626321
93115601
16211552
49100487
21511353
129400641
103769354
86936407
113931966
3390397
7185570
119282651
115461529
50275001
53205243
49369975
78805205
118238225
82583199
123645852
115840228
51057627
60835831
96726019
97432813
89581962
115834992
129753743
14404374
57389938
31094388
31143119
29201203
114256191
20004665
115392662
117058860
73981662
2519011
45767839
119954237
63239698
118091389
176275
80223299
22139336
13505040
12344449
109569484
67371033
91903058
32513322
55249839
30925114
90699137
26644461
83371930
30198190
11027386
125547504
93893324
111473357
48285018
11803654
51881014
86077184
34008952
51604584
106706042
11304886
112982582
94789334
58243738
61303278
755999
130811694
58087620
114217515
96263142
78411499
38393958
44880777
25473132
113482971
133457646
16558019
26933090
37369593
100573830
42311749
71883592
19334296
48999821
17190950
75946907
117194537
26883456
25641311
71831283
84434403
34962499
24082625
123810781
68630193
42671386
49933792
38028905
45821317
4917588
85720875
13255535
23157524
40072476
60204069
34531139
107079309
116645060
129783325
79988747
40052829
93814976
14793883
73616988
82321814
13576790
82070233
86326620
36856771
75661812
79639470
36960444
128983055
41212554
25637100
81228608
94301373
59310601
64913142
116157685
30807035
129381535
133965290
67642218
118304646
35703035
77947305
104910576
115229232
78967732
128469650
125754905
130846088
84952343
6027610
27120118
107080300
110630322
54920427
20568380
33767809
39230218
116417723
49433098
62123202
126546619
124329316
10212429
74040648
81738721
133448694
55164359
119179927
29594990
101378084
23601009
66088785
23419419
6053456
39338299
57145101
7440951
112035955
73388750
106091703
71411014
133907481
96458177
131613214
39850528
11334312
25214748
30855843
110642485
129789675
108376611
123777312
54535710
125019915
77877534
93869444
113043617
83867734
105094548
132174294
127803183
87415768
51046262
33341508
126942414
58417827
51791957
65691647
132654032
37640034
41636806
83521952
94760620
52842387
25545976
46068821
98245943
96293510
86980102
58464623
113422720
66706807
124090514
90688575
130189345
20325247
69000508
49851068
6999397
102215190
120094999
53422983
38755034
34585244
18367102
17500774
90070408
20119711
73508154
124595240
87739112
98821392
52351329
99258378
23317208
13306425
10804941
113772983
45517102
113322557
108595793
15475647
24987981
114852677
8095177
87500266
11727594
133131941
129214082
68269222
4116269
110746088
107305592
65747861
30385966
59965699
97843348
20745503
57542875
45699909
63639213
106849938
66092036
43220119
52869791
124058914
71085336
72064249
106296081
91797751
8289065
3899226
51278625
35060245
131087230
56804256
5068931
88926775
61856670
41328910
129867241
62330961
79798394
84403758
99332235
68309925
11102440
58153106
95806192
80748182
88415183
45138304
45484237
92984451
44046535
8908360
133460030
72183275
113152189
129409159
91602930
102515489
107559765
25993732
78099991
35558489
33101563
132857067
41504949
55614147
44098053
41817101
126242895
7078996
50782388
86159988
16018380
111191362
34694412
