16
134215623
24
134215632
11
134215635
134215649
134215623
59
134215634
134215674
1
134215617
58
134215631
134215659
25
134215649
134215634
55
12
46
51
45
134215668
33
134215622
48
40
134215660
134215632
48
134215624
61
134215652
134215620
134215663
134215671
29
7
19
16
134215662
134215630
47
33
8
134215649
134215656
9
61
16
13
30
134215647
134215618
24
134215630
38
134215672
134215661
134215618
1
4
134215675
6
7
60
134215627
134215626
134215656
134215655
8
43
134215635
4
7
134215679
134215641
22
58
134215644
134215634
134215663
1
134215634
29
134215627
0
134215665
134215648
47
54
134215627
134215643
134215632
134215662
2
15
41
134215642
58
29
134215642
25
24
134215669
134215620
134215620
32
134215660
134215618
32
134215675
5
31
134215621
134215625
134215652
50
28
5
134215669
1
134215668
134215640
134215619
134215650
134215624
5
13
14
48
4
134215644
41
134215640
134215669
24
134215650
134215660
27
41
6
25
22
51
0
134215622
134215656
33
134215625
134215634
30
134215636
134215648
134215617
134215621
29
134215651
134215670
46
134215645
134215622
31
58
134215630
134215637
134215617
7
30
134215660
60
134215654
134215619
134215632
17
134215651
18
53
24
134215665
54
134215629
134215631
3
134215650
134215634
63
134215670
134215666
54
134215634
22
134215621
134215632
10
134215641
43
134215652
134215677
134215658
134215667
49
35
57
59
134215631
39
10
2
134215620
9
51
58
134215627
37
134215660
63
10
134215651
134215664
59
134215652
134215664
134215664
14
134215621
134215617
49
134215653
45
134215623
13
134215635
134215642
134215634
134215636
134215650
15
134215622
134215653
134215636
19
134215651
134215632
54
42
134215676
134215666
134215652
49
16
51
134215642
134215654
9
39
21
21
37
134215651
134215663
134215652
134215644
51
9
134215639
38
134215625
29
134215645
134215648
56
134215660
1
134215640
134215678
50
134215651
41
134215625
134215621
17
134215626
8
134215655
134215676
6
54
134215653
23
20
28
134215662
62
134215678
7
134215670
22
134215668
33
134215657
134215651
4
134215654
134215634
25
37
9
134215651
6
134215618
42
35
134215632
3
134215650
6
134215618
11
134215624
20
134215623
33
134215666
134215654
37
19
134215631
134215676
4
134215626
134215668
134215671
134215640
29
35
24
134215649
134215641
134215645
9
51
62
134215652
3
14
134215653
19
134215647
134215629
134215639
134215617
134215625
26
134215676
134215653
29
134215679
134215658
134215660
134215620
134215661
33
134215664
134215679
29
134215637
134215661
59
26
40
134215673
53
134215625
134215649
3
21
23
134215680
134215679
48
134215653
134215624
134215680
134215642
134215623
60
18
134215665
134215650
134215680
134215639
55
134215653
13
47
134215644
134215652
134215641
12
19
19
8
13
134215650
134215661
11
134215646
134215639
134215668
134215671
2
15
134215620
36
134215642
134215654
134215636
134215672
47
134215679
134215676
59
134215637
134215624
46
134215619
134215641
134215630
41
55
14
63
134215633
134215641
39
52
134215678
134215680
5
34
7
12
46
21
134215633
13
49
49
134215639
134215653
26
134215639
44
10
134215651
11
134215656
24
0
33
34
15
42
61
134215635
57
49
134215634
33
134215642
57
8
134215647
134215619
134215625
134215677
40
11
60
53
30
56
134215628
29
54
27
19
15
27
7
134215624
58
43
134215634
134215639
134215670
134215643
44
134215674
49
134215656
55
33
134215673
134215666
18
6
14
134215628
44
55
3
50
134215631
47
17
3
134215624
134215664
134215654
29
49
134215632
134215634
134215631
134215650
134215623
2
134215637
36
1
39
134215672
134215638
24
134215627
52
134215620
134215628
63
1
27
134215624
40
134215679
37
30
13
30
134215650
134215633
134215666
134215659
134215654
21
49
134215650
23
26
1
134215677
49
134215673
62
43
28
60
134215637
16
134215651
31
36
42
47
30
134215642
134215662
48
39
62
134215640
36
134215623
3
134215647
31
14
134215668
134215619
34
8
25
32
134215673
60
134215625
46
47
56
134215650
1
134215674
42
134215637
134215623
134215680
134215640
134215652
45
134215669
51
134215657
134215617
134215645
134215669
134215619
43
134215642
44
134215643
46
134215640
134215657
134215673
42
134215642
134215676
134215624
134215622
11
29
134215621
4
134215662
31
134215646
134215620
134215651
17
134215652
36
27
21
134215627
52
134215673
0
6
134215669
134215658
134215643
55
12
134215655
44
56
134215652
134215645
134215629
134215641
134215620
8
27
23
134215660
134215676
47
28
134215628
19
25
134215646
36
22
7
134215627
10
17
134215620
134215674
134215617
134215670
134215638
134215630
26
134215647
134215670
134215644
62
4
134215651
134215627
134215630
134215661
26
134215643
41
27
134215648
43
134215629
39
134215679
27
134215646
134215644
134215646
134215651
134215638
42
29
134215631
56
134215672
134215638
18
49
58
43
60
134215647
52
134215646
134215645
18
134215665
134215622
55
17
134215632
134215619
46
44
7
19
134215661
134215648
28
54
134215629
134215650
134215655
21
134215618
134215639
134215637
134215648
28
134215650
10
134215634
21
134215639
8
134215640
1
46
6
53
22
134215648
134215630
134215652
55
134215656
39
4
134215626
1
134215639
38
47
134215667
134215680
24
61
134215623
134215642
134215646
134215638
134215669
134215656
134215667
11
134215673
51
134215653
4
51
134215645
34
134215653
13
134215648
27
134215633
134215654
41
57
52
134215668
134215661
34
134215653
134215635
134215621
134215620
134215644
11
26
6
37
134215672
14
134215679
48
134215620
6
134215618
10
134215635
52
134215659
134215674
34
134215637
56
134215677
22
134215631
55
134215617
134215627
134215643
134215648
134215650
26
134215663
36
26
134215672
134215629
15
50
134215658
31
6
134215636
134215625
134215619
134215636
134215622
134215675
45
25
49
43
12
134215679
29
134215678
134215663
134215653
52
134215652
37
134215632
44
134215663
32
134215665
134215644
134215680
32
30
134215631
134215629
134215645
134215632
1
134215665
39
134215657
134215633
134215661
10
134215635
53
134215659
134215624
134215647
32
6
34
15
134215652
134215664
30
30
134215647
134215670
30
134215669
7
134215660
38
34
134215663
51
134215660
134215637
1
3
11
134215623
15
134215650
33
47
7
26
45
134215670
15
134215628
134215633
134215627
134215642
134215669
134215644
134215626
134215647
54
61
42
134215628
134215635
134215661
52
134215667
134215667
35
17
33
60
134215627
134215621
134215644
20
134215679
134215651
46
26
134215680
38
37
30
0
134215671
134215664
134215620
47
17
20
134215625
134215619
134215636
134215624
7
27
40
134215629
134215668
134215643
1
134215665
134215640
134215672
134215642
134215633
134215652
9
19
61
34
134215631
12
134215658
54
50
134215619
134215656
134215664
134215635
134215661
134215625
134215651
29
134215660
17
134215658
7
134215652
25
134215660
134215638
20
134215628
134215679
134215656
18
134215634
47
2
7
7
22
34
8
14
61
