122019542
51507613
110088824
115017883
64377592
130746668
113554831
128579548
21643487
57259956
133311907
24899080
109243805
25051637
55416870
74485294
35882696
11022425
102640423
6066554
133734028
4600650
3648159
49115827
87130406
43422697
40167396
45156287
105192757
31810112
2343314
63078709
46444404
51227559
41447815
80766952
52278858
59539664
49972327
41742148
34062354
118899007
8066122
47419675
111086080
34134382
117287774
119168618
65916854
96136678
103044263
94911466
75531766
14904636
44831143
6868635
112594590
70133769
96385728
63186623
21691176
110159655
17884389
117782194
53727532
48392287
40668601
45859527
66376587
58682735
8674503
13002120
52198612
116736177
24988196
100249678
112988067
103865652
49529975
109479408
42017884
56318090
35134593
129823846
10896120
82802484
50868789
53669621
68874748
105983415
35307749
15171770
23898638
48664430
81308656
121411868
2508849
7494469
1295448
13898297
45921736
24144314
1541168
73567217
53473803
85546790
18244125
64273626
5532175
12686145
56385520
18680971
9508220
20987732
103094910
106178059
12482905
14576318
51282174
67875252
129424750
74964917
131375350
54221592
113479386
46703077
37766905
129034614
113930678
90136244
117411511
34064687
40146303
125746523
107943484
59998428
50520042
118955140
53622906
96402928
80059636
8516105
113120258
98443892
56793317
106468990
78833889
44477829
33581885
61596352
40204771
89855116
79657689
99753486
62838626
82821630
27462461
35493997
53092468
59038204
90394686
59941013
37844895
60733693
2919785
10224224
103619739
119020281
115646981
12281439
81530793
79049184
32783960
126150995
118735173
127096748
84296666
131540122
98528621
111176766
16038666
4187716
30117284
20643124
132973337
52285079
16332195
56959591
40618730
7537499
101731381
24424837
36379341
7759713
26805809
113363281
51284626
91092148
33867757
122656892
35257454
49790874
50596437
94829646
89085094
123642570
31889321
26941956
48789884
78270321
60060381
38458257
55276757
20984004
3122966
92844010
108382265
96805228
83624227
86953540
62712413
18328842
3934138
79053821
124096043
21565652
94141542
90438464
69537732
12971856
9420079
31138670
108374677
100761626
104401806
112623819
91980761
16164396
121798816
5324979
129746971
121551672
33643016
93625031
40994986
73732100
65292674
98717227
113005880
130484226
25119399
74009229
68552357
78245182
74968884
118499944
88091705
99570345
112771946
65552835
29879500
69586055
108838946
69208353
108215321
43940656
32877946
29701221
55618777
43677087
112163077
119506596
60001909
92935936
27537076
125733347
54812044
12646526
109257603
36308373
44527701
13564512
110715824
98212530
91548438
77566377
118014953
82981739
82927180
18722044
21968435
93354592
21226258
20977759
105270764
30518501
1440052
95204246
67987240
115875552
69625592
47737035
73417718
124180944
123456383
66856878
115911892
8952073
5846682
85150280
31446243
69919806
68337113
29903273
132503606
20056141
97158843
99253064
93708753
121621375
73524733
57259508
49583780
13658519
69632205
19635872
38034717
118724917
62354433
47559050
116189746
76634471
235361
107741702
10160899
106244656
123008754
24344996
92261463
86966645
73398839
64178364
8780681
95269930
42881198
43959143
101693469
9687626
40641857
74405429
11858518
110238439
28847439
2392157
90381179
110905058
32305759
37619561
23829178
66590822
11869711
125358992
33806236
25177175
91915855
44953353
49143291
122890484
89856246
36518378
77350404
118911420
45189416
39701076
109417611
74818658
126216271
120751478
3221137
36379009
121367246
130961278
60917082
1077715
85944754
26506790
103591617
37829542
30236127
75800964
113581258
98863473
52013522
28190728
101313642
52161094
109086062
130324844
72752052
28097282
14037713
8738537
111025958
18977640
44044454
84075086
1786914
128672519
92060284
101343777
69426666
29677848
110182466
65117137
64188210
34759190
69351064
58898650
126087484
87176105
45404910
44874888
121743356
80820133
40328132
111078697
48920137
53952491
97635291
114685975
107760215
16717899
53721388
6175366
4048419
28763020
65734220
72751271
118448150
116611404
14198948
93081250
122429870
64929371
10704541
37022833
84475867
55028326
65994443
124738084
40961500
71780178
78078923
16910815
70792104
64195014
91385993
23273835
128546001
5150823
130612815
126386194
8894798
64311039
125924125
6012908
8629625
115583260
64083714
73179262
107375741
42314342
43251726
127084336
61217863
99059793
111324013
35223272
84481281
10508130
79364348
50676281
63242809
16187733
104579856
78062707
89045528
122220524
70932651
59866702
31485382
106189473
93122750
123182142
2215090
82781451
9248817
6745613
117240916
79894124
129738834
109736422
41251271
87204140
116871164
60697774
110276445
93905882
18676629
69965056
16521083
117514768
100403352
10870505
20254193
1384639
96449266
57113610
51332094
122955072
44569153
51518922
54244356
4828338
111808270
95258010
39942632
13338320
102058505
107067033
89473909
86864115
6811809
81138708
18084087
16588062
24184612
9528203
49865339
84532193
17436602
41903104
64501875
95752431
2193401
111394794
29004111
51564943
92820937
84184385
108325891
117325729
72028834
40533737
47046416
64769448
107908655
16065980
65625239
38737684
10399893
86718249
112761083
17066214
41578781
18440007
94561049
4621971
15927051
73939704
4613548
23925009
64652699
55110389
24342160
121736953
56587213
92376001
109621477
53228789
87115806
46937611
36565183
91339012
1213035
38523086
4485188
5290804
84747232
48086902
120209793
36392303
19509461
7791774
30874244
78187209
100001752
83991344
81394845
13473389
73537120
126569917
94499922
88890484
74018081
83013984
37833779
21338422
4099923
16879295
23021386
39584368
40633983
57805795
132340488
14483051
121021876
38352523
110734344
101324026
37685219
43240098
95076253
84120595
124521794
40880542
47204663
41146452
41421216
91415737
128885869
7431343
86742444
14013843
5083003
26965865
10654609
93680050
28046337
96943304
61001827
42003396
124891733
63899175
66598941
40498015
83597400
87014250
34902277
70144049
2543865
5843553
14583225
83550968
124097067
129159334
96590276
106987067
113820067
71269740
117644817
112993431
100006257
43959887
100277681
47298108
62301544
59603471
61657809
15628453
129897415
82471116
15064019
25980819
118752152
35164413
49852723
121128718
114027266
53881512
91325100
79196633
8043709
43288965
55588048
60555289
75730096
50472441
122106199
59852898
80474010
18988467
31476839
101028634
3118189
114973245
885409
47155095
108413018
5480583
108789262
95094638
35705892
39709106
46618703
93631392
43106132
108075059
90413910
79725252
5735822
14829452
97426259
18290013
26998597
21892003
96870776
6715995
113534258
1213452
128369664
82698511
21189
49454177
43303105
127271905
104901864
65594045
86747881
36062763
86608178
81103781
74203369
38267187
39716971
11065539
102402922
39277628
80419272
127486376
7459724
59874836
16479126
120870792
102113509
74288533
25526377
76963424
77775358
21874556
33989719
95532828
125873728
72826328
100184140
109415071
104544848
77695091
100701558
128878420
116795438
75524629
121322074
6970344
125337303
7217823
69260302
54819618
65299678
90352717
2828404
33503628
10787057
36801207
14419708
45842573
72726201
81433860
71989122
63103376
58287209
5427295
64494663
45446391
40952912
71657474
114451045
30266414
33895211
129189675
101332545
1282999
105366377
61431060
131362790
35075958
40311969
77662225
107651076
5119467
116833840
49401611
123334521
8647263
56445687
52208561
13437436
103255678
42283619
127821838
105456770
48161482
3472565
93177540
547877
58840994
68617182
35563384
95017357
131801293
57691204
9052776
75029301
103975252
68120720
20547140
2657989
83322014
30136049
2413901
34553757
22703588
4725702
36597268
82429495
44415861
71021190
102416963
116534616
125698898
107506286
99376259
36206656
8153262
123744129
44491215
30917912
96189415
102239780
33160318
7596417
31059634
24015391
110910197
11636139
84439630
6857596
85135018
125736986
5883912
40101977
75870755
33405512
17026922
71521821
89515303
88284858
52951288
60125363
72809002
5661814
32557053
49713360
131707191
115973306
110409180
98170626
81049765
88763766
134152348
94087578
52731906
72533957
43108150
63506936
113266215
33357560
25144683
80503139
23429454
44285924
85246101
96345509
24218112
32963855
6077580
47169960
122420231
68355475
56179460
48926093
90427271
127888584
37950789
29167822
110220388
34278880
100596408
2478136
42620946
87452869
63518527
105561034
107009221
77946744
31145984
76738257
16422885
90392276
130730107
128101336
59131813
43420104
100860207
81448576
81386840
74702755
109430387
72710639
52644331
85318405
48895790
57648150
39379904
110497868
117319859
3274633
42258737
76951814
106900340
106341836
106249466
42380221
58916128
104398222
60987193
53552486
58158240
120095793
113856001
11182892
97765039
2642210
129101359
119442634
115961896
9617615
75637978
6486662
94846698
7274964
110514973
29079417
85487563
62338692
28385981
65711761
47359704
104607207
76954398
55488426
132709096
88729035
121701196
67460230
69550825
10014226
100682336
14383766
55637175
33518804
108150566
48928911
105513594
25081493
90738025
105862037
4973678
82285369
12267957
86599680
63135169
38495839
70572458
103433633
22807886
23556229
85867541
91021188
56158726
37813384
34433753
21557229
107911523
114086460
10885226
14020665
57104896
128885595
119935229
33435261
105490947
124297301
30411381
119300478
21195121
83833301
91985213
5818137
131585283
54621729
91759370
13137415
74573379
