18370151
74444384
33811712
56333129
114042916
128689707
126402723
93443742
133695111
4538014
9944607
49188457
103202004
11381699
51568561
125325829
133481534
111716426
133629277
86914972
33178270
28409446
47441089
2785115
20455442
38220
35184765
123056073
75701076
107780494
69956863
6499766
50352052
11979604
18418555
57385016
83526981
118178982
38939061
73490157
5238251
125940310
108470746
61562088
114246952
59901836
61260932
46967009
111879138
127109077
8478562
78943032
80856883
124002725
82481756
107172047
32946884
23374622
29727307
58472710
67084854
74427786
72294162
52246587
129831529
37714953
102805586
23659662
18034208
25842911
94506510
4025716
480124
78026231
59833192
358929
107863443
80309202
63283723
68762573
19572650
28995250
23029930
17344578
22286541
75539141
51503462
34628040
52080829
127140571
52471185
110158810
26955722
122065629
20322103
27372397
9315464
41830122
19233322
64156475
108469776
106254563
43527980
14845576
61893151
47800427
131253304
38644179
28383559
128352727
105801528
124996833
81309647
104553831
43592605
119679497
90504486
124440231
21511755
130373314
61268898
31813004
46703048
51596198
58955280
124484315
100747121
4528428
375280
65013880
63859958
49150297
126151635
86548968
96228545
59430219
3425509
89144666
116850971
114171961
80542116
59365816
10483612
74475395
107091466
36594677
41910731
77781184
20170071
71192347
31057136
102497433
66326899
12241323
100053535
11396267
86789527
120316190
112676343
50921284
5886002
14101710
21297427
114159759
19351299
96554138
773106
125121728
43505813
14685739
68802563
32294944
122052008
85136717
115989262
108488373
3222337
100441331
7669975
8831276
63397054
32412898
23406179
133627634
3890496
49047704
37015091
100478489
111700829
123254310
122023580
129214639
231785
11860339
121230911
132289183
112186507
16621154
69361833
71554884
114099620
24421037
17045753
89509263
23252063
49159681
109234508
85642551
127313564
123203280
115286161
1105763
73276259
80018099
24954285
25476703
115757100
131323273
127042088
86615418
56321679
110874349
109084583
78733315
58548701
110686507
84960616
80475311
89562799
10226152
47163324
42703409
81945060
3629494
46535687
115280502
38618937
12229063
94297147
3921077
63617696
10092750
134110062
98665966
6583295
94883263
42211558
91371056
97569033
78217754
108651867
107333458
55927231
40201906
124409972
51004765
14179156
88234242
49142713
84297592
76523589
111508389
87398059
97996822
37939770
2525537
31420137
108200069
68489299
117179834
107026496
48224624
97923006
72185900
57263014
72096441
80805204
83032359
88731182
15691939
114217945
122555296
14934214
92572939
34200302
70299771
76208507
94139908
8997982
6330764
55648480
7384739
127130012
87696048
77210971
58150719
87973814
39106323
125240436
115615255
90457465
118923539
92948394
105433529
110926266
13095164
40159761
107886200
63643376
11546038
118050371
104340286
77626097
25931286
125730996
51212584
7060815
83457032
21061973
64253189
18609359
13379111
120865725
49738965
114416703
25335994
124778605
37528204
26587418
102100862
92535800
3065517
82446032
44712915
113165280
84796114
75180049
127496876
100602094
109232760
121495783
10457053
89690089
99716549
6454984
81918479
70384289
31985944
121811698
13459844
14747487
28034847
53604301
95316348
93450478
132646289
125561632
59495736
130352715
130356934
29821373
91291160
118753428
40321045
82871523
73486486
58188076
81370235
115950199
13713178
8155973
9872240
24885289
19956755
62206821
44709512
110441967
87617126
112176235
73339104
56587022
56970999
76291113
21826980
79264817
130751752
54892002
16823614
134096501
49327026
8811167
52222650
7404873
35778469
86458317
95644188
119709424
2646718
17451564
23831374
116563817
125457228
106874134
116161787
128927505
81045834
33701008
31806257
74443723
121113834
50650091
98247157
22130667
89868575
51543381
115920101
69913378
100683629
87725256
1773997
45770839
122073626
106179714
16637453
61887689
70991517
69830060
75922661
120531542
63614146
31266120
127686713
129803942
38493470
68834615
101862286
43282704
9515146
39135740
43907210
50728375
66110698
10279584
51377723
52616545
8399877
71223717
94102710
98143455
2122908
17906713
90869353
77528374
58246347
57223559
62860907
87861569
44654063
27371977
40319910
133606159
127563452
73548190
121365290
11147795
48244395
92844332
4480184
132897747
117310442
132489269
107504340
18443603
98118487
42312684
83819488
40976307
50375340
130073532
94194112
85817032
133698088
125710651
87454080
65793767
26012495
74063596
29385982
40324402
17856679
67318783
68192252
8812462
52428280
93300021
27513637
129265785
72557253
57671955
122432699
45605088
28374380
105327866
130005297
61111710
41322407
53971476
94627425
33718031
7972574
62614381
34298557
73717099
116549849
6816856
17228028
44173860
6014351
25821316
73162995
80646640
78195139
123883902
105799535
42600068
8382800
29246880
71317783
12003149
101691999
43928933
107799960
101380977
31186661
65566283
4216074
11889933
5290089
1016271
123117865
104353553
58340051
59769020
93266128
21838019
73478947
20315736
74033814
33904745
46308526
20421940
117392086
99735031
41956114
95802314
112650477
58721910
132341014
55015598
101841578
66618932
73973197
69509508
46016291
130746975
66865237
14244772
108299687
44518742
34809543
131912789
71526650
70657921
91092908
127388615
128099762
60751364
56331700
80019202
108039315
120027220
90136058
84902614
21899207
80215847
68431521
51439043
45489461
119874453
4320628
38868450
113170408
55286068
91833242
21130750
1544340
1349728
53161591
48649346
4078721
79276107
73327660
119416182
121354131
59468634
27525326
42997447
48770410
52992771
89374084
26624576
115236137
8575064
48861813
36894210
22401701
66326116
5847439
55663670
118962105
131425179
20177143
64231732
7026961
19610166
57861600
76347838
23366189
8838637
301526
96719735
3892513
398684
112890531
130464896
10965244
17451920
10176962
9439315
115751731
124405465
32015231
106903640
71830696
2319340
26031145
94252065
124745495
61351065
96375496
130980137
104422541
924691
83358794
125847972
26284031
26437172
2921731
46092194
64580506
99473361
119919239
80552369
83429197
100100464
20955963
32498878
54598187
49580686
83528674
52752467
52693912
12023409
62813223
14705885
34027045
62544575
46189478
105791802
49333414
11318610
17621183
80318826
128936421
113143206
7401573
132232628
28802946
115677718
31437491
3682246
1595999
110779228
53918510
110619369
28193130
124627877
77710227
117847440
88348702
12668831
132952951
64985220
47940643
125558119
51341913
1427163
16348591
56223609
115025059
113437964
27741316
92972576
9344934
22639799
1503528
100806363
28876858
14388323
84934919
101236716
86634452
40066820
89864109
117546507
100249910
55049616
77298752
130478364
89622171
57783024
12077247
86008697
52229771
69164057
13437477
106273846
26949261
95338021
16660519
78796745
86235070
54334656
18283954
38671207
32505734
129335288
32827749
123568872
50685057
7633481
42732127
54530272
119544776
118594801
96483722
83809970
60017313
12577516
21269332
103790404
98992200
50215333
52448948
12045356
116470957
109250175
134180590
110493840
66475875
7508027
92382191
125646907
76275687
46827156
22005628
103076770
14591515
51236721
97730238
112639921
74190385
16096819
124577453
61421448
49509002
13198597
131601385
32308167
121411924
109370961
41754359
25197515
42681714
15828564
102463064
129165529
113707987
89534258
92771800
84143676
127085928
38419056
84083306
23607515
119860536
107632036
118957483
52476938
19967930
74234276
68953117
2150262
120653296
107222796
30250414
126332380
4056878
77819789
118761667
15006935
100732676
2129342
30707040
27052637
81760435
89003928
10266406
103751631
26164433
45876895
75197476
19939634
32673787
104442720
50133114
83464806
112340604
77272763
46377839
63243600
66548730
93395701
19959288
54218931
8506679
48067040
15880693
58254561
91736782
37282346
1705720
33980229
619023
43324225
45108871
109927004
61223040
11802329
86560348
95017191
126175388
127722546
50917169
90990658
31735778
53299977
119711055
37099308
80853105
129166154
112290109
54556274
76574460
82698072
45359287
133169012
90256480
56659931
102065797
28242711
28279490
109722389
63869772
129873673
129995861
71975138
25186013
77187611
23615197
50359249
118700313
108611235
81243516
41146253
117054428
84422121
50940450
132309094
64903807
40857303
12525898
63317503
122671075
50630275
100015394
17186142
107205486
9045713
68481682
114087092
129616599
36962440
2662682
15298527
70260095
33773197
118075446
104522354
81195799
51862146
53494009
20752560
111316579
120980800
46853236
2377261
97386001
37593201
132934652
63057158
59667984
47514780
26919327
98788898
94150664
111824819
120727775
78472609
100218370
119113912
119784740
30029430
113198814
76718589
62598615
94325580
74397726
100888634
56974462
119557817
95914354
16510059
93824543
112807673
20399396
8889428
118181653
88925930
50059314
97081920
29307770
60408657
18622984
45065969
58988828
33688567
131933074
70052676
132832592
22659155
75078909
70636052
7505669
118962724
5959426
78008391
117987759
104089311
98614408
120700194
8325966
96716550
102601607
44153989
42827442
110138678
82429157
57026782
61424164
65302780
53957706
96411794
63910173
45486717
73482474
120084030
103054053
52234886
106687765
131822312
61023936
71023770
81945223
34811761
117833662
52223893
89912868
756666
79271998
83669292
105867580
133056270
46960470
103878663
101872658
17556477
101160516
38710772
6189711
79363407
122052677
24351394
132784067
