113589136
120977522
131831578
13028353
43192676
80211328
131901187
102990890
9704800
43099961
131765874
115897924
7761031
32920389
45411471
80506411
126456240
118660574
124327847
114595372
132625327
75124827
90705236
59257374
80682948
68368419
93105473
28517332
6429931
106923206
15033118
52819626
5687334
2571169
10361444
133525957
6660062
44758488
15808812
84239621
90352008
61500740
90433930
70714525
30252447
68526919
130088664
7965781
40154968
43618979
63492436
63602698
61259457
29543062
131855657
97279246
117788696
122495446
115105677
54414508
105592813
113563813
55822268
125994404
47922151
24848610
17932079
40591212
61922830
120140016
37371620
48692427
85328501
24009090
132947762
98908007
132963704
56756536
128338421
132430729
129570262
110963132
116025104
68685100
63134568
19705110
20218367
121681756
71888689
109013406
100340035
58445560
121819958
32566930
55638465
132594360
56978215
60442549
79027378
43879299
78331030
63475211
133847474
100344497
80054434
94934055
51913248
93950603
83460962
95853378
20752950
116580891
120924202
32187615
64723235
6314404
126978779
66710821
79478392
85450444
30052889
133032612
92876664
42651646
126255821
7701742
61184449
105524769
128259123
120861333
108464720
127321380
11616142
91396034
76873084
114249628
127401049
68602217
47857388
54464156
35879565
20058912
28927159
85260803
88634994
65861442
25669368
42940116
107310497
59398347
40983487
87421217
44304692
120644616
81070997
113494492
30650156
101634592
20119911
45391521
18927258
98206407
98311347
66023609
67444083
109064510
93748101
26236772
127175997
92768406
81996654
7756760
104840009
18603358
110946935
48248410
90543478
9293275
102268121
109956405
37988039
9373334
43086965
103915002
81406634
28823176
36168852
123013889
64905162
58034447
47198838
118914548
68636809
115886969
86615648
73182805
105546163
61291322
96099060
9326198
54641404
108000051
18611085
81488339
42230600
103135519
39258798
6265124
101967749
106944900
130593143
68957220
37848076
69378484
69175368
125257172
60085307
18465443
102934900
10640808
83518431
42595987
79561529
36286770
114481448
8003470
131465767
40306192
128544022
112705156
60346370
21420263
124617226
36377329
41339878
89850397
75945130
74616051
95110503
91109773
111980570
30233284
39291774
113544963
9475203
124138619
56357718
28382142
60388654
50921540
43915241
107388515
98035993
54590345
97226351
105184273
54468093
73907076
27803592
122338327
35539368
42133821
21543339
80106311
66331057
48160008
5791566
21700324
110942917
103037425
36501909
67057729
112074114
27975181
14663353
53651760
120487998
30879428
73757652
131553968
101923921
14785368
33646810
5115176
41396892
18375269
48960452
87968192
78060191
120568571
87882465
76341099
127283387
56222162
75599495
58805054
60237081
121804421
42813
124140741
28295086
66755111
128712167
35496915
48168270
91771186
100247590
92137721
74433491
132938257
68700349
130893139
24469801
122871368
490586
106514809
68254227
84748511
8305916
59922923
5656129
40104107
30807663
123542197
77225427
25988537
122029095
34776260
63184828
26520896
77463751
25663479
29421182
1591981
75507934
6895589
5283253
83015418
67900042
85936205
26935547
126895114
20013995
101734181
36298769
112584350
103885150
56222184
114530197
63565005
80450556
117453365
8681959
114105920
126652969
80397607
90968442
65618430
92136711
92604644
102618708
103508171
127770004
69773639
56000998
20775432
51649689
81102969
101961276
128269517
25130490
23389981
103453660
103813835
43747468
14508087
24972966
75334636
68730966
12486636
33449013
26107825
62455040
3880365
115734381
113999968
26700612
119307923
12484480
51180946
68871936
35189535
60792552
101310658
88447245
78648608
108390428
92133468
66302209
83545920
123740691
54092183
111029728
129737010
28004567
25796983
2658425
10820498
119005531
127335662
134201777
60281856
15633560
2767425
77326000
60284570
40471797
32416373
46260425
120638787
86915792
82342251
104003517
31688710
14367266
63336743
58687354
49243059
19723775
43978090
65348421
20011118
60110170
65748086
114048168
93740679
16645922
16472919
26767291
117559735
17365760
7170450
84483568
69987847
51256697
57040180
42129528
54975730
94653948
87122708
10128655
103235913
108156417
33944406
85502409
127068968
110206930
21952612
53672020
92266726
96606753
40486020
125943847
130612109
7647911
110462234
103056829
48358392
119334155
101145295
13674347
89420821
105620219
117796426
116556653
134203873
42676027
119021996
23652733
117661453
54012503
22349556
23467835
109158644
118006385
62285826
88648759
115533630
118853307
16112092
119828740
91031766
112827172
49655864
52827592
111604715
26259167
109400162
1158071
14326685
102067569
68577630
120063193
1844399
115004520
55402063
86088140
75875946
11582784
127243013
102508523
96592720
96902974
98486027
75996706
69754383
18052594
132273263
49585057
36374849
15367940
28150298
114079077
129998447
54539385
379541
17787661
35227101
107583214
126184414
120995215
108350012
102049803
119152724
97039171
107671031
78824988
28782435
114410827
70810504
93106735
30688881
87698557
104065090
26997644
9207386
121442531
100830071
56949721
46462398
78118745
131106809
90810293
46041626
72205262
67795191
105560315
84475717
128545754
85740699
86373573
83623105
12020776
77527301
66561952
55987588
117090283
69884571
68558884
8401066
86858226
108129249
23583905
124652917
126852792
113996740
128827293
122044872
79039888
107577026
100855161
20659383
102399552
59037935
32034335
45315575
96689336
91302457
38039517
31398284
66430588
25276775
17769160
66485287
45439524
71032073
88740419
39717199
53777495
125806109
78231410
57776003
10058245
53356125
112425663
105324869
1710144
132438948
54012730
125870285
2649429
40695225
88179032
100670402
84832253
34705905
30513335
78613624
35559175
38450372
96832797
37137174
109215947
48451282
65561583
96052063
52746315
703011
114400052
24791030
70433986
34193004
5613054
97780182
116832045
68584581
67857589
113690421
104735987
103084456
80331463
22866048
55844773
16509506
105351796
115779687
78319875
68449886
2644008
103910490
97527266
74832487
123716705
13537384
129014065
88668061
55448368
12358526
82729988
122326226
133073035
69208455
129276010
30513345
54290059
88238903
94804951
49313399
68884563
65565536
105727367
89898872
36140178
130831815
1168054
111062721
105474886
15970802
131969755
24111606
19012921
50348493
126145784
105055951
97460489
51042076
3019498
6097223
67180106
63621600
69745866
15813075
45108243
98857144
34092241
65427756
36925617
48484173
66661140
41486856
42110589
97517601
126471319
111729252
117926020
111250462
82683356
25109080
24496246
16438940
66728034
26886360
95139844
42840187
65625672
22817222
30863128
30783473
47644324
61333520
89482502
59794759
47875164
100436063
104940584
31285353
36229243
100044599
72750174
71331316
68355932
56660058
108990053
90332589
24969720
99561360
91129329
24162235
75432573
96712192
16077365
12293147
2850
14834180
103713809
81976857
48210615
64484697
94520319
115259178
5283657
3856909
102089274
44273405
10786937
18039812
95476471
113525850
83676888
126893940
106381038
38083202
73530269
117894925
13396952
126869627
84650383
38825490
54533474
39955346
126634578
129343994
123343662
101287996
38372502
84310533
25686246
32359356
24053444
131102677
120880207
95603517
80534641
67076747
79073385
121064536
16463014
89297320
31124837
92739757
110144577
141139
106227667
49220471
27225485
115689249
39982717
98971506
89600248
110685179
1977200
126610272
46162195
120005317
21516812
61472927
13928317
4974234
14605900
106507708
10081314
26204956
73476930
71628803
95336052
69734670
131059582
124618538
131172394
92893985
20536455
50204786
113538362
67462991
53897712
101316586
56547382
47480015
60444081
20101586
93354996
121066792
64013881
40961107
45450781
28556925
110974090
65214373
84850756
67107304
5085526
44511072
45925362
14301350
77221267
68578579
121862975
33242163
58784785
123239283
45116238
53558029
66782544
116355752
3121913
55100384
72966884
125331520
87012162
43941612
51554124
35854177
105472296
103956600
84408621
5748923
67803919
19192704
51619078
24647073
37487194
120280976
14097202
109651936
100312859
70327885
10379023
101424657
1641761
108369039
148515
55641973
117932667
92860074
116540609
109096091
99394961
62921435
37308239
85606540
71357787
126986641
51743506
6301118
4163470
70472810
123045290
46870419
34300072
34863283
60135718
34179807
51823469
92087952
119901329
24303903
31345948
14761363
60149259
90148605
36571468
46995059
100811963
19583526
60288059
41343837
61859958
59487072
79752192
58122874
62162680
72705210
50908891
45178829
11371839
63246239
45169718
15918559
7742371
124734344
124319407
133900077
17885957
83236180
68144023
120996965
89082909
100824647
122473320
61290237
25384634
127902599
71991735
58168797
21457304
65744220
12465478
47930734
80700599
25564305
24633028
94414645
129652117
80767382
1182929
97825599
20427197
114449161
108560353
58283813
67910751
122861871
89657422
111285536
123232463
45272928
43727915
35906592
112522425
58902666
69030952
98042300
84183084
110802478
66092475
121089118
32210743
24181487
25395561
28246474
97938468
44515954
54706147
97853411
131367056
65709956
59510795
33333452
127722125
29391889
48210829
52263986
97034431
107756158
99536636
64542873
123982204
84587278
108195493
26542451
41185762
115915983
112245738
35482249
81281758
113616409
21370545
7098683
116064750
32875765
54142511
115921271
2318543
74450111
91144557
27221627
112028184
127994511
113288551
29675621
32735064
3204418
21529895
15886322
