106507563
108318250
60781722
75140381
125762851
97030337
77250228
4034519
87627773
62172619
127813115
82272316
14578930
86416212
40954391
13477986
77017751
65351148
94031075
44746756
109399385
129924388
53204531
105451176
78520552
73396870
34435917
73788813
27163432
21831146
30862853
80401756
127381985
46008439
73142717
96887661
112094489
20357377
42732232
82323150
109096851
119445337
2571326
71249944
40816494
80840194
73708565
61272937
72141816
98228026
26391355
78214060
54744378
105257818
15629987
62531898
19006798
109910885
121129259
283410
26050074
106089847
94412249
33811050
8416686
60169947
93413164
131597931
122739099
84983840
80327026
27807321
115613474
27473226
41361399
72745265
28963353
37834871
68172679
39549133
103013194
60694509
120933679
41354860
50219445
94151223
46724643
115167553
67402068
39550549
1936267
112184819
113100761
889521
81054787
75899311
15660853
123430914
73928651
100999620
130866968
53456340
23802065
7910082
106212584
80482263
133485863
110866103
97410765
114700541
28709070
84091059
8027789
110630275
77604067
58172279
77978353
103620422
25378343
62838561
100706007
60039549
27784786
55950088
111165308
80667003
90609132
50306360
65381805
106020863
64141357
108236443
58222195
28244187
22418876
68482628
42012674
104160459
133929822
128552722
75330640
84033470
93645201
13183367
69983914
53713701
122873883
22035792
92070644
130001284
72846868
52002949
124842987
7875630
54458283
100206903
6850357
86412254
93664324
67669480
134144785
132691034
76804404
83353552
97173784
124120011
117594622
8790483
48583384
52570556
45842460
53874712
15137982
56848749
115843202
95537027
56267162
39561578
121867162
76260805
13168925
71058089
15067599
30657491
81321932
119401354
90583126
50330333
11943527
118375719
26713018
18266050
90115429
48491369
35513988
3722747
23074511
102001688
57412076
83991479
12946563
65061413
72209463
535080
86242449
111115969
116652123
71529536
92313249
66907861
68008602
26710393
42257488
116593599
25530236
123392120
71079484
119398225
58267550
38333052
68129018
82654379
60842050
59752169
37678727
99112734
6344823
59582863
62814769
81222572
115988804
46097802
2126995
100726970
61640225
118384620
64728244
29429634
77518019
50220005
28656753
14583091
26440507
28373305
47716462
92388207
24985941
125713271
38094546
68992237
81319373
107060441
80437353
97695598
46094697
92295250
28729001
121803423
114525320
133711482
107924251
30035346
39843961
108068138
114547340
40830032
26864645
9855272
83682433
10583441
116352315
103560048
70853424
13690235
76350956
71987593
53104668
50128295
71082900
120034830
23834193
105679156
21664764
70209149
20521235
62860740
84136156
20620718
37856071
105994794
124947599
110496129
94073815
113458342
5508498
15243629
102277619
55225391
35192937
69678492
43371066
12000218
76676530
14243676
6791957
79029188
19049964
24006010
104378013
105638540
33439636
27881331
97451581
83090137
42516167
74968863
12240778
123895707
70653669
120992391
12309723
118925219
29689350
92280289
19758734
36346452
104092874
105936901
97236822
37419212
38971251
76979388
20938164
123097925
85490846
37628918
18130523
111754960
66234749
4391444
105320087
92641601
96993752
88846571
22369286
129031662
9729408
42362741
31403800
2186983
46637904
134000032
82994152
35660033
56628002
134061049
103407366
9680280
16742953
49499596
90295031
123201374
78451469
86708077
116860858
90732538
62108278
80007563
36373018
1570023
99518848
79888298
29871573
31947151
103663293
61645043
6170240
39832835
34931042
105708134
66992950
42756290
99929867
113817679
73624142
58191088
55124519
130869281
132612598
127452293
62198877
7137624
90089578
84527225
32318147
88622677
27706052
115942201
125472938
17435915
133555964
133141094
44865037
6022611
86930952
24919194
19922729
75959553
94674283
17589743
72033781
123377110
89584038
95148791
91432945
12678645
64323922
7634314
120144975
25492482
35896041
28679574
94783300
82293081
123759887
48526603
25596284
92455381
48329245
26559071
50987185
47584410
56628115
106760663
13420072
104774549
64394660
33609254
19657545
114820622
48411067
54605306
13902665
44794130
116757743
119590872
130919701
91199288
116505199
40672971
120458887
26114697
84979797
65803868
73805153
85473609
55538831
28605816
123496804
112319903
112014197
38429492
35779910
67108674
50326753
13864805
43524208
130485488
87782931
60060668
86521052
60531124
37271866
76197856
129361484
55661133
67501771
109694045
127071320
3513262
34417044
96330719
101647350
55130805
19754960
19357043
99749773
103685858
80375951
50483650
57382850
33316203
96591092
116885995
80097308
91771293
84455421
39447838
5801885
80873552
33023470
61034939
19209624
74878314
65212205
22692718
7746344
116801701
34749151
82994604
41277725
115926575
124370277
98605846
8107457
56097728
58513915
43417008
84498306
129431015
121060914
32659751
38097042
87875778
44353107
110937768
85125832
55892317
20148873
84217899
41275274
91538495
70828601
91688671
46736149
14073275
96864922
52082078
45757334
99856365
65468060
129044978
52893327
83572880
133333382
61810566
113990775
14919377
42175364
81027626
72450444
21535096
73786112
62562251
118891885
54852832
60212530
127435029
123176797
26685492
14760178
32446838
32463074
64404762
105192009
61532132
80158363
10823928
64585022
77636950
35793304
26105750
23163214
86233939
123007584
9481519
109868010
114267883
93196352
3893394
96025474
96242823
64828982
28868433
94246881
125287654
89551324
5371463
13273198
120808267
127678003
29082295
37442495
84941830
54713503
4355846
120554363
119333485
88873979
106515656
30657909
6728227
34999496
94921528
125610396
127966241
128390206
111098991
109586326
92049356
114704283
49189316
49889225
130963316
131137946
47641736
98532489
125787914
69109426
98312716
80281762
44093585
35311074
26956600
129531910
74986961
30975831
9219945
86006028
72158265
109042131
123725176
17410611
1434744
128317419
130030362
104221176
24015274
70147077
132399755
38056553
106508166
53748783
61083072
98820795
51116936
7519391
89480639
122256507
84677056
71913043
2837100
108768892
49661323
132940208
24494252
31609391
95185328
14917852
6597067
47693616
56962854
44825917
46015880
21705860
80136138
83129166
65395290
89142810
4434089
110973896
116462900
111068363
48755430
64571659
124545993
4923142
36709731
28740863
26135984
24040796
52923907
74721838
131456120
120114451
99183494
115084738
84131467
72486827
67698801
21346144
76288485
110878254
1200338
5234743
80561062
349155
83000082
97895193
83241314
131861619
104241108
88413328
55449275
47948573
83765821
86076587
119017359
17508776
121715643
12641984
74787808
42128056
56156500
90394745
71075079
32280698
85593827
117021808
70478010
59140705
170811
12981414
122872268
108221002
39862396
18820958
48203463
99000382
58108229
43559048
73251068
39246956
128807213
28989829
98605263
32731118
49294570
102626025
15332860
61938296
22672476
118267683
80836109
111375560
63477836
66845421
22695031
52735980
87375704
73588161
103122807
81135838
53464664
26846586
76237547
41663176
87099402
121021908
116241178
37134672
99949830
82124281
75500531
58862277
129680071
79426251
98871564
112686729
57765716
104586574
40543955
117257610
11321083
87257073
68312060
44600452
4708296
88937468
33585323
77402243
55967345
68091076
88133546
67140559
108439380
53993705
67371549
20537555
131977648
81020900
88202577
130062715
115599913
107058484
71538543
112237066
20052601
24806142
97996576
98076060
48901338
59621852
92174165
112597567
107387052
41718407
115258125
83536207
60634359
29808710
71154818
47520248
121333800
31590282
22172001
60747885
84139143
28275215
1749192
28424923
34439222
126284986
91604325
132151856
35200096
129336986
23472589
64214086
15881876
39062065
52219700
26380533
72307581
61782875
22919095
116440533
83373660
83027059
130816655
96716120
113443197
132343930
123160477
85200240
51775942
80854279
75243365
119563500
115320250
2647609
109689315
105099170
43155390
113397380
124169952
64567164
49497092
39367033
40400499
103383762
51973557
11610890
3989904
11709285
85456310
42729625
86337847
111573189
78294483
23492114
14744952
24134587
82771149
50335315
77491389
44958093
81551667
29838923
54335879
41612972
91695039
4789075
66922074
7008961
103171084
2733193
67015184
47797766
109778925
34594993
4282518
128748716
31762566
26661473
85068102
37594757
38834871
7146585
42931019
124420742
36965996
4019051
127791999
103416133
92389350
38484138
29672726
8693448
21508331
36426023
94208673
62411665
103967922
133460964
112891919
10163342
49553133
39522031
8306220
64630049
6327890
18133643
102168386
11985019
121232360
31497176
124371212
4606443
30571042
128523510
83147864
79212841
27736263
45526350
27877251
127708423
94459115
33695382
40145186
28742002
133871139
131742216
45256062
47231778
63660968
1814991
11430146
74741028
63111525
132811620
73681082
52840458
64068131
49304944
16994400
61657167
105382536
17550748
120424879
114316777
9518987
50712005
34210646
105976642
4379433
23123437
117754211
84007563
42639833
27747303
116767662
70049974
54398385
99654479
99725725
58093753
54067195
60455075
69324911
49269651
119286159
45359720
99674452
68391520
57814426
128569905
2165920
108218797
109608838
26213805
35213097
1280496
7716491
40238161
109422473
23722371
121968376
120123300
2111946
52727435
102776342
96510615
107397031
18012307
105546952
98701411
70750334
32437255
47751658
49794752
69767031
39511791
133797409
89446457
121815082
83224485
14832640
57962805
35101779
83944353
83084752
110014975
91660192
