19470223
52568221
21724284
92421968
127447917
82639020
94711094
39808885
7310469
105607990
11383274
66878289
20768339
89282657
57189671
72176176
116524355
102791579
44088669
75155360
70262140
94278222
111744604
121769913
41958713
96026145
912128
83643437
2607847
12273935
25419475
35364091
37852970
52035000
68108663
102033565
72131531
63687117
75825097
56186435
6167760
70742794
96413089
103671015
93242651
53263490
119454983
107033192
56966475
68501183
31540886
116623961
97819922
82452988
93627315
133792391
105412405
39968973
129474285
5939795
43204781
132544971
70236719
54347919
117308030
34186515
68174865
6636449
125852848
34868858
72874214
575205
28314588
93758059
29745388
131777053
113733216
8431104
79021042
129175785
48640504
19464714
69507394
65927599
108714926
130779059
58965895
45490454
54247479
18921501
42312881
57560997
31701635
117252726
606065
62478114
48080742
81593534
2107187
102302023
16129244
52425076
73628608
55271503
45504656
28445801
106708744
58537908
5453337
53687377
111087762
76623288
123448318
20327933
14086744
56944572
37292221
17089327
72380712
34367931
84942852
21757476
94537508
73934551
130072301
122189596
75488370
80629441
42731794
99219085
80874676
129293342
28783228
96094749
53188428
77200316
92529003
32873874
108858553
12469169
121864023
133880937
10173621
83856928
760308
58664625
131847293
9292365
100649378
6247733
19020537
65128169
99288447
36488444
97272430
52535466
14325951
12768255
118206664
61666875
64791662
1064207
53465022
11935210
92249220
48571039
61675559
26671569
84165280
66424376
28839146
48515602
125777934
68068884
64633026
47750905
127324046
11172636
32428961
36073800
109940332
16295752
119455623
34278956
1795189
12777534
55971770
63326208
74965135
43708588
12727437
45239076
24587307
95082561
94992212
59605366
123132962
83010434
20960924
97720073
43019514
86123104
57688086
10173055
130795308
4381807
53701762
74285138
110852815
100289482
81462762
117329840
19903138
129375426
72723517
125732554
92264258
22100598
88597089
89352968
128430310
115845142
70779339
40045281
37840867
76347650
37582638
120483329
64646950
118856989
9224293
6731358
31802315
128789276
45640829
9846714
123902503
71697743
7882343
124812405
6731214
104491515
23643921
93449469
72343757
6428509
106739654
130180200
64053570
56274132
77682157
110046215
123234203
128971984
51215357
113171074
22632597
64244964
119956819
72796287
58818047
62318948
76444355
47690407
91922646
89006741
2280078
81966169
7536219
50038349
114387087
121597026
113045664
91571234
56064878
645825
46253386
44649672
34878184
17483030
49888496
81459918
24914961
114743661
55530320
88076792
111235297
25043156
84417637
45540251
119180089
62795535
130924199
133643735
107016657
76181021
4903915
99121116
66985795
99394382
98650712
112338521
52620262
108141190
81599943
74105147
22947538
1234458
111021537
66905118
75990993
7019421
78952096
7197125
37956877
133587203
120791489
65630695
110479036
24912954
21728849
55859275
16429495
31568873
53457881
73884383
10384070
97008325
104831916
54838651
63860671
73528156
121453795
94285880
6796494
129118302
89102732
110301410
124394978
100278198
62130457
55483986
64333218
3464509
44987586
38305910
102512949
63184857
36161760
51111382
42204218
34373824
90908096
26565763
11563379
58468441
53115321
125602342
131033961
70102751
17632943
129101351
77007348
32684769
78156662
14100967
49699568
22447352
127316398
30987244
23801449
104470097
131949487
49287658
38593080
79237792
103407002
96216500
100877080
11692190
132629989
79100646
20958352
31093774
129196178
109490058
77989712
4477108
111814582
72318817
6995036
71632207
57484966
104715579
36108877
7592083
53974387
121999935
62411132
50865197
5228936
64149249
44425573
39922890
56385382
37794806
65911194
67517586
77238796
89202113
64582112
26040518
16053819
54524721
6730130
688035
54012353
60163824
84032735
72799934
70599551
20527858
103245593
104781118
43954677
54159093
31358196
104637607
81633955
52559492
34947310
66356481
39008927
84144881
111015876
9456750
108431747
28306995
32776207
7328399
57729707
1091601
119092034
69437662
48543691
101140704
61698648
8180811
1120054
63171053
122556814
119307070
126328976
51959227
114981696
74608499
81923496
99811880
99715206
73415286
39707778
25247085
68904254
94948662
5055900
92442949
125967486
3087849
114664893
111849169
50227340
15562154
48524690
12422123
66394838
32876442
99268483
87677983
115368283
100873018
128036386
33090687
113849804
43886585
97086298
128328725
98682183
63568173
109601324
67212400
37972364
5059090
39324836
2804969
922540
86885229
23882624
118166050
23757261
107089682
122428692
110670139
80871066
8455185
49351938
119921354
23310377
105107737
128857113
36101870
1780673
73391916
78068973
51262098
52066827
82943171
1953543
53059560
99934708
125393252
51280093
94173970
52717384
91734512
131567048
121899890
62707952
1753586
110302140
24621757
77522188
100773993
89186099
51328087
98220255
108103575
88019803
33651676
90002167
40945964
42204097
98047717
113405338
123754384
14538461
24002269
11449656
132515941
34873601
127234283
112985933
125486314
59341902
100536655
5223856
75375716
29078254
95245370
128529891
53492256
98231609
53711719
89073080
91846376
69096495
101348431
132682292
61753824
130607219
90029385
127495725
67319430
119347450
45967442
19704141
11440875
2279318
64198157
56824030
108108314
41510630
12051378
70025333
32265129
378660
94905240
107348201
125950667
54941446
42316465
133428407
91118755
28842133
39919523
107832821
85176331
7336333
79806598
38373262
44533664
41126681
78781245
126431415
5778864
40949909
71617439
56332576
66175585
96595444
3606258
70319450
130699247
65922018
64381461
45054000
10202428
121159147
109174428
39403905
11888511
96824605
82292536
65952775
60353949
13930964
127391345
42727604
42607090
98966732
133547802
103435243
116674483
58437993
3971010
116393673
125153517
118028464
86631642
105073763
91807501
125985001
84977621
99503076
22984120
35048016
57074013
128848423
87262587
116261805
115487864
97618991
11513848
57887931
131671397
114998595
131305684
28752090
92218433
75636441
84291122
54915661
101227821
10401197
95088778
46696353
106847026
38563254
112247777
103868346
36480566
92527680
23041244
90666661
70183376
2441496
74378095
14284966
63959638
96606876
109407449
120276790
38560016
59306408
32072807
107025875
52336932
110895705
93010816
100272628
120797372
56935881
24553194
119829607
129020275
123740221
36148156
123643434
99948616
39518581
71384764
131767606
117110826
118239821
110490637
48483271
115058709
50019514
110156146
75233377
49057168
69264512
119500529
126779942
51863810
9220096
92075088
119321660
1136472
83348106
11173555
14539208
119257077
38910853
43225537
43550527
48259441
61638075
67132241
38940945
57324730
63288973
122016338
127100341
125211370
83185002
17145375
62811731
106347016
12741498
486861
14469088
12579954
17986734
84069640
115667401
87254901
44666424
80413178
24510321
102632556
7297419
17241233
126315948
67441329
27936716
30784793
4238852
97973370
108076731
17897296
30416296
23418969
28516423
2067986
95546246
72243440
79359190
73874168
34375882
16325436
88787671
43005096
131085324
29257045
66872090
112724800
15120967
61002168
91596875
121825925
54721745
88622815
98489123
133966429
4212521
28851575
22407630
60575657
89564107
23549913
81635373
72533413
121276162
118930085
73500947
85750434
69600545
201095
8031832
11151591
37732260
79256303
69516768
117691193
74761031
36009536
68037423
71401875
117335258
66040105
55032413
96855103
34054114
19548623
91204797
85319039
55815872
15445136
48285938
93609375
23608028
16992039
14670074
25905957
82698667
10281068
3006089
6678203
40337260
119068175
54627074
130602246
21405480
94026458
81923738
28158216
68461869
132382716
5603140
29903500
46188136
90856196
66999323
60337852
24328614
36694192
68915324
83190995
28840360
3461759
117651466
86232990
59224848
61771787
30021955
118645618
25786241
93813377
96246617
39517385
66111810
109091285
81137000
121819970
105034484
4873573
6034406
78659304
91810499
32046445
64574276
50719959
19528600
117852599
79313840
80017268
27108657
85387331
82745623
100491807
130923265
88800127
45349745
7943921
40116622
74165240
61932453
18101889
63841311
27630124
74496259
26560345
75417990
36167012
70971577
54205644
113943265
109315909
102276941
62486092
131896448
77027778
20559337
92663768
114062852
89270772
70924107
124003980
110493376
85404082
34420280
54727049
83721597
111842509
22513462
133695756
97348513
24604228
8882307
123546043
63556303
132966302
118607723
43952740
118451499
40823985
29729650
100313933
46281108
16122429
3812066
85620250
80802871
73082193
25106580
95190857
90196388
93065896
30356209
58099301
79622996
43824297
49920166
17925635
106662514
41601939
98646036
40782293
5981245
96051800
91458802
100956460
6796023
90785836
89818497
41290671
1199569
53425387
102170303
43651462
55309823
114427395
125297727
36729477
30616025
128644330
31505757
36045304
31128728
110042606
65724632
83724563
72817687
109128322
60951124
127350889
44438977
78932147
26679646
22044921
87080606
3560752
81277612
55501433
78894693
65657103
96481363
42591265
103120149
131672282
121573192
8035707
27832614
73614036
49497626
93337287
54225198
39184401
88140285
106330665
87869095
63256683
8668410
36762349
98788595
102047649
83594348
9314413
48346248
115540042
14506782
64057683
42964056
20517565
14298951
125293537
76222558
18894735
58410219
40009764
16192509
72041318
89485250
74043736
