7921260
98339116
29657841
103359575
71146241
118395716
6536817
31191274
19965977
133291399
5189406
119084011
69420446
39865776
78515223
46326564
43041913
67497805
32906354
23285161
87691529
74390215
56149670
18934755
99423498
63728631
435102
71361777
5794239
10582432
50394310
51147574
71904108
125049992
107124900
129448902
37855450
72861667
39727116
58463059
112830010
105049535
24654192
82583098
117667302
46158808
114715808
96892478
92154046
39510021
82752758
117324658
123178939
39645338
7816475
96627936
55888181
9563323
133540610
61888295
84291075
94176556
13108569
57546208
132043691
61479182
47158723
132130275
46309861
40825298
24390597
31740529
45317143
12493381
118728801
86412993
45917429
25693218
59496117
86902507
132384603
92989192
122551007
108722380
51771948
121662868
52548774
77123204
109144850
106746280
37510453
41237070
16813551
49850153
82589699
47201460
126178142
56431592
127217628
39791260
87968691
77756838
77683697
11405791
103067387
66421097
30175002
80468557
59081232
109947075
15349734
74795554
121517343
92629928
116284164
76947892
117568721
39271276
36885424
109480571
86497554
80589574
4730735
43670798
46201001
31568657
100670990
74710211
22016567
104441376
14487254
53808258
48756667
85773016
24625510
18218817
83808212
42695449
100685028
64493301
109055849
39947605
29215556
5149412
4001504
52214253
82015809
18918175
105016228
118845948
57514921
107490601
31297160
104259414
58971912
91866564
34235851
28165722
96314605
82056190
8038599
61872573
74745545
44015704
88339297
53353399
80642135
41923058
40630751
68139383
129492983
39477065
123833053
4110081
104468888
4479363
8531127
112443040
120346141
25185687
101320277
21274407
24003721
115633211
26064535
51036953
130306028
105360750
121444405
113270127
69724536
27412034
31445046
102742424
178781
126869223
131217619
50593582
101203803
103363613
121294341
109025274
22596226
83832987
61907371
24541624
125529015
43661520
114385834
2598835
131841937
114756074
115531154
114332769
71846487
38658341
126647814
96113196
26383130
114890101
55572546
126703263
2221280
89088002
28349420
21855036
64507765
112155047
111856968
83650044
118100707
61883238
103718118
82313640
50167428
12885627
20177437
69124229
110102550
109992082
128250865
24299067
15623610
111254043
134004182
99029870
81023302
50069452
38709675
121116647
125901197
10124115
117140124
125108504
102063138
6210987
68982389
17819897
34605588
35436219
36479762
105214127
113311574
32221016
104805700
114523796
2688913
113170492
129300298
82227646
10585408
28292419
28218609
45150958
27032791
28236043
93171597
9850112
123120302
33600332
87702100
66002660
2495337
29064632
42511299
41383862
132952206
16403309
33479666
123033563
30453935
94427471
43366529
123770747
24359535
23662977
87489384
59529717
111701114
58181921
44967702
48631289
13031224
91359849
7713092
82304898
17486398
38566894
27037368
85229781
77321109
62347349
48966456
2036369
51618287
40380240
8905408
53617243
62663508
87338778
107570147
48488384
129289573
20430677
51544826
33223666
122620135
63183343
94654596
93989672
10536037
17184017
111698651
26499829
80919100
89311671
109632401
129587996
86252887
90772241
61305528
40462938
54282033
105851575
85988572
120167666
3127041
91325591
113798818
102062765
127877613
77295300
4973364
47219852
26753788
127475776
71480034
109708843
35114202
72934048
39879733
96052675
46678390
9650296
18880349
102732588
79435591
34204425
46692218
82527117
88349947
52180528
50639276
12622383
70765607
87794416
38612702
12061058
101615879
101368623
72033865
49195277
64727256
127109553
35696049
52606113
12800387
83620097
67642816
66392810
113485616
129194269
68459637
69857057
37028962
124166279
128844899
50437568
519608
78903977
30345771
86579210
33447255
37114985
10800491
127757923
124139824
83230243
58414189
106247820
59673292
75996415
117542609
119286694
29988632
56546430
46747303
27222098
133953028
13633221
841802
46487590
17682453
74847986
82628063
120133829
68873213
111152207
90428547
108158148
112889803
83148221
127102275
102484663
38614348
46271342
45877015
126170448
132674865
67762909
8217990
69581914
84398306
77553969
96631014
102156953
58742782
4517838
950283
8618778
69803743
32689136
63369361
123639220
75816163
97424653
131493899
96590502
53721896
7341875
29828628
7264413
15678175
118740496
68128046
91710167
3137577
23969950
87650509
46197457
20343355
6062632
44934670
98385100
73163490
75881460
111069337
5286130
97877505
38975598
79249642
124725725
84296194
50820027
33387288
106384027
2928434
28607300
125216751
76859351
119748007
61023478
3217327
32075006
81377834
41140513
46367177
109749643
70939423
36525062
32636036
105009491
94775525
115460177
133184969
53405269
106070109
26023869
56583532
42052693
24410997
127373289
39441134
101598261
30694664
82470297
66460477
45664344
89546169
110648731
87651531
48477545
63576886
70664095
84170471
85737369
59463940
72388021
1955492
96965136
94978242
90347993
45455502
1559734
30499983
121075038
109873531
46672326
103058650
14339583
20076825
111646574
123695822
109243328
46646287
63868536
125666779
89099552
92885156
44592725
117989631
98466657
24153718
4368716
63614225
57493246
91908709
108123434
97833782
90278512
96678838
111537853
16314225
38368792
21382487
131230187
65992149
35759889
40589684
131750725
67435015
62260336
60640806
88343741
25231009
19996707
104719322
105407039
21632435
130559736
100349391
62353305
128300660
118403828
57085053
19275618
69454578
29516030
75893931
72417414
6294615
26080988
65507838
124085069
22382197
19570994
48162566
81899800
33742415
126111636
40366919
16907105
22726349
119288003
56859277
113666422
51393575
82063873
81869196
116241122
13545197
44760091
40200625
28414490
38385326
231994
65309631
33142851
30164766
92594174
59277287
130577478
111898335
29670525
16776912
66414514
71229120
8114625
127383111
43840120
118616489
61022580
130924717
70205957
101385374
79516636
78702624
58334014
106321683
11890675
29240762
28013332
110836205
81166598
110904852
55602980
112270478
85641886
12218999
43366897
131133703
129979687
79757140
15264220
103456286
95462981
106705172
36605959
83150723
45565559
70166629
49761423
67878282
43366554
133160767
62327912
89629206
130566725
113234584
75962146
53028513
7568631
127975605
65321314
65120294
39616016
60522181
86790315
26270491
60399226
66998250
16554358
63178
111422428
97348726
109154837
123906763
86114208
41865794
59245352
82861609
22833967
44813768
64437100
71760756
17725554
26744659
66436026
81769273
97035551
75447442
89685058
80321941
122165903
60198544
112795187
18148714
113431848
33543222
130746986
54663730
19933692
80896984
69341768
4524406
57776371
33793508
82925539
8332754
128623178
78776590
125380507
59942077
131102509
120122807
101214203
2168790
12196509
130386317
29786358
9465364
118073435
11598980
8226714
56006865
114699964
112830504
78658800
127313703
128707146
50198947
45206191
30910588
5595066
55872933
7741969
37410542
106181200
66172859
31931375
128849400
32060142
117648986
108371416
96709570
114009609
51545757
106244436
106642921
80339161
42205534
21586972
132083105
89372157
108534286
91023742
113596618
31480904
68897735
2119682
88192344
65837495
78212176
91038354
52043348
122699139
80242097
119869987
90528361
57711338
121699861
14351317
106008770
129125073
112051191
16341353
822410
1131508
77222134
66435609
76214340
39705507
107855441
40633677
6960773
44123830
39780107
71680058
91361860
43387340
18071254
124973965
372164
65782173
9065875
112759238
36611091
42049090
15675522
98270478
62597859
35076997
77140431
114356241
119143443
129439680
50839730
110485256
22458494
47928659
125009394
125228297
33779510
131636855
67745371
10321628
79402698
58652079
54221333
47788223
13984197
72357410
8986151
30729709
3434915
120091937
121625038
56061790
12438975
85024151
30669575
62119456
109842141
123726949
40716637
95544777
23711349
117258657
19578188
55490948
120921603
108062198
87570998
6586443
47895275
113898417
103133680
28665135
18322859
27032403
60001969
75578280
22838194
89597210
87635170
128508099
30677881
7663617
128094019
96029184
89694370
121639297
1201037
13412234
83888183
129574381
87049063
62182710
43055996
460371
29984229
68422530
32577415
41373724
114105989
29247127
106976890
63367017
115278031
120280821
115073019
57983124
90139428
55494230
114883042
124596117
61650940
47014411
83391560
86194579
43225295
91229702
104645060
110092488
110590307
75683173
133396033
45607764
19054083
127278922
123829389
101113744
39131602
27479890
42002931
77994864
46651348
3352261
64699018
34364600
43900466
30919671
17744041
52742569
31276704
95975353
4662241
13334096
46135677
54895130
38136569
71750592
84182492
60681282
26126866
100343904
4535893
92532183
14924710
103745677
61420740
118530599
73160541
10896949
84486477
70300364
88799408
23550577
130919602
46882854
48601600
32395064
118500844
23817467
18563748
107965294
5450921
65528030
122883032
41722594
1678933
29538961
72147026
33721797
15433202
72298466
113772292
9274418
32065474
35088312
119929720
12912414
31031002
45703763
45313331
110833356
110959649
25805794
85904283
78182061
77081778
70017643
100703562
35911112
22578114
22401414
104237470
110786426
33582256
125117067
66186021
46864996
36043477
63450624
110176602
76726004
113331905
116901009
73405338
118436748
41880688
107121532
26203694
2473222
57372655
2191081
63092049
33340186
6298837
106813948
75078656
70571524
125187561
106929182
65515408
100253226
88752416
16831635
72423478
56853876
42916393
59614925
128729317
20339395
