72849587
128056974
55095655
87075141
9806436
38673148
125829112
107187854
23212191
105456092
35141389
96913910
114998742
127703109
21100443
87250554
116012043
32950856
11171746
127140436
103087247
119753255
16970996
22575981
122554974
20437311
15322076
125353458
34778628
30832116
100287781
115341281
94370264
6330439
18603375
3872407
87496628
94524753
30062740
125288472
79863240
49163244
90262502
67808438
33127393
110346208
127471557
24042478
30404054
132386746
39953746
87389916
80107023
65749618
133048161
9982274
3136612
63113059
123653812
22272560
115912044
22302807
118910953
118127955
104204132
102238492
52221294
78264528
51377004
76304765
40315155
106814953
19683885
110258802
99186769
126065331
28277328
41034148
5783262
102292080
88745296
120659707
50003238
24869972
118074491
115567537
18769522
21794085
124933434
128463822
86541013
104676067
109496747
13402015
91600211
108618600
8448463
60233182
1183118
99808765
112376507
22719083
6840651
87415592
62011130
18217967
68638594
98902446
64724395
83545494
159463
30156108
77441413
132092846
119230960
31513614
30104880
33891709
71111457
122379533
2123878
23579124
80387834
4183558
60870464
128792383
90559931
129846281
122735160
14537969
45814758
69888800
10592191
89098658
66364127
114203117
28547465
7787644
14319807
48575226
37691502
94022931
13823223
17491285
39206788
90015230
14230281
98791164
116984296
19822296
129419986
67916483
56518545
64232427
26321090
99982969
107506134
93648392
120150700
96937292
75973123
114447903
122052623
11948034
19118237
98182575
59580132
129843879
72855736
60145286
128958750
105105492
115629621
81707894
116898516
16304880
72304739
20938387
99411513
26237444
68915327
71478449
133749538
98317250
61731271
93667734
16935556
113827214
103567864
18594262
23392773
19846714
3794188
30247324
132959510
27107715
39547032
69945296
4603505
94375768
110751056
126957608
22691285
14859076
96508884
5364174
34801820
17328620
130415393
59064228
124064961
10906220
109737692
11431870
45655128
70608451
3864945
119234339
12367152
87665792
7897373
89718809
104597661
117049022
64864429
48180212
118473396
57296291
88902371
92861610
103132743
114333900
20574059
33101987
53137656
65979026
89142208
3393191
90232439
47433498
24300136
466892
13127380
85633335
99882914
64276813
1326962
43284718
36430207
103901054
95684850
4080199
125232398
20171400
50657124
131225264
123304546
79224460
43661220
127784291
68482931
111296636
20530373
82617890
105952831
131448638
13201306
118840958
93995213
51004601
34497388
59065488
77426499
38709545
4605027
63772253
79512547
115675687
74387019
13075781
92842311
65966928
13428935
37802459
51869002
69722343
31978524
33157486
79842302
46908417
123207245
106396780
132944582
108570600
53662544
111274872
37796819
126661791
82675959
7801873
119703984
7947643
35381482
30552616
99069403
47813677
60615990
37606760
79798846
941660
89483546
70269601
76754993
70707974
105513435
65251728
126770549
100069031
65645768
41491113
55819972
30808806
129495200
3050181
128566062
72669167
53130395
106514393
27195635
69566545
11832535
32850467
118559469
80685273
80547168
127816112
54503253
39726651
96940555
125097765
14879085
101753899
93104089
78843899
108086172
68228319
109541712
44999369
79476024
2560294
46025429
34564835
112642909
60989981
26381288
54308148
103864771
26858576
71935332
20766473
96602813
81495449
130487143
132820942
55056659
6834022
28271659
22664240
27365428
73272724
111251717
69175695
127116472
12677791
59567738
75208438
127617977
131072093
76955608
31317663
28093324
73424930
62079616
51354571
118096739
105278143
87067685
124868932
46272293
32193970
105972402
4412981
106331958
97321352
130551796
110518014
64886477
118718075
85417415
35696744
50327545
1627784
106136211
48743154
103253206
21721938
59992120
26948762
38660754
61064949
11469519
25557530
69222908
40044047
89698642
85619540
127103630
92446657
38214161
100123829
31204249
117525991
134058758
24497872
101583618
15948077
1756342
52064278
43361025
104751076
53429252
83922788
7745996
46504871
65518961
47636397
84388746
5963435
75787365
73875659
84480081
90907590
131194920
647960
15694619
96464342
89170872
90219457
124950079
70443605
96410904
74846316
98048045
56580654
108097082
54107493
109097661
73807687
113275657
73460489
108374081
99533056
103765518
2378853
112932264
122962973
82307559
15402348
71294856
69870382
33574522
59595384
114139443
106764115
79493025
53032860
77359372
81788486
73352154
45097624
69315316
10495319
38025431
37914740
105895878
50091900
59937538
99920979
94789924
63718860
27423953
84800539
85080377
83101760
34283538
122384508
131074913
15103434
106896422
95848102
28553294
125427165
37400392
12761247
31492768
85718053
115776831
25700530
108759375
99084912
99200766
27730348
123308939
69041509
62982878
26322673
112673775
3401398
39010035
57448780
56586350
6425273
297952
7136751
97019811
103055598
23060196
18488070
116019378
115920861
102295326
39591839
45005200
33399504
40364056
96785614
133431900
117416118
105419294
58604906
84221151
77423244
86888937
107667758
128584360
2146703
34485969
16229160
31379636
67724103
126814575
45346907
78096041
95004078
96566006
5970521
54283
87742657
132188350
126703895
76372803
55780467
61347004
53469349
33868696
9072910
25696480
85446823
120164391
85006932
34450104
99761264
104451635
108626197
97245057
87282134
112384631
2562962
58737112
68683072
73539788
3486469
117174126
96887144
37062728
75830141
14377099
113319334
5605898
114703227
66061948
77335352
104437922
123507939
52190365
22371040
71905378
133432332
367795
93524243
3791918
48517090
98270143
113048667
1929765
64928992
111423545
11697518
95605256
26531877
115443440
9805956
96614005
64416838
104991106
94139334
17847147
76317644
59505786
131889902
127121475
70178377
9633624
89198700
93847615
105127043
68691455
31228506
118166447
131083342
75661020
20017892
37783176
74733923
56728822
5498443
81169127
52427773
93075529
34990788
73981404
74796037
31638506
9282047
113052248
127718941
56722513
90151072
14155604
21615109
1985626
7183863
93886169
64521821
41722836
61992133
68123431
8527653
108085022
10757731
60414710
98107765
106242651
110245996
46176153
17959549
93726247
110148057
98116960
109431151
76578958
89491608
46501383
34205485
70796652
84020414
10473686
14291073
113691354
15717186
2704740
114137368
107027197
115174353
186051
87160963
90339808
67977786
33529336
81185777
120098062
82901816
12428932
86217997
129477755
74808759
11439571
49032656
86347024
17272907
102371103
77056352
40766575
50566320
72509746
4863000
77631755
122604333
93707146
43069420
108971702
69191463
69900636
107457103
45486076
21708010
75502792
128588481
19964893
7361278
18704012
13824828
72677268
81229014
46387500
107450946
114463307
36418131
13430184
101987662
104273349
82685226
125873213
18976528
53595082
96392301
3141633
116070682
36480270
50027576
9043557
87469834
59240444
121399976
90185470
103991232
74301777
25595734
50530195
111129561
24649356
64882070
11041976
64067765
42830100
46931800
1964797
131021166
103374510
126408919
107521290
81319477
129749692
70334757
89832338
79299981
74565815
120144704
21333884
134182624
40711922
134037994
15056534
91871164
32748907
41548596
56247903
7207133
91169314
107254760
78716156
91663251
97371158
102418667
87869014
71665409
67080181
116496769
57372642
66558976
30771538
110070008
91565113
38025978
14514694
78980230
79432844
102892840
116184635
134005524
45001262
106009549
10579193
50412230
34696796
1821728
32765215
94808066
41382378
124369739
20460329
61093455
15265067
88844517
110602348
9177363
44330100
90674290
109939052
12638572
82055502
63736627
59310484
324706
575802
95789481
39587132
24296829
75177713
132265376
126410959
6825899
76962361
13721571
64947045
29026636
82102743
73915581
26645262
100146874
127157571
22542466
124986440
125669128
43739104
55634671
31244495
65174739
114556091
96192296
76751310
28575604
82170077
12901620
33281255
78890986
65639241
112020022
59957377
89011573
70024513
51998670
85688198
8509311
125238835
68356206
33602613
14100001
127968801
12599957
33642804
105467344
35699258
57609624
67776988
46433768
21228769
115183375
102876035
62977067
67640290
57076969
83348105
116240636
80827537
133808100
45804130
119297334
85368283
92474965
80575344
111962365
111874739
13984728
23147728
57752574
64330964
110673347
11702408
62028103
87890738
76714706
111503637
59625260
16162714
82240043
54110974
124889364
44890596
102242501
80780646
42880626
1916267
49311329
259681
21663933
72313251
19994216
90408451
77337724
110259525
113920827
61140228
55219480
53133372
110383056
26333835
14127911
13353600
78641024
52268008
129746137
16948864
75152620
88278672
89744621
22912809
59938325
125001224
32434178
101454923
47450038
84063932
93963935
38560388
83612540
58028709
5073361
6415240
8753443
108751460
66386304
49295985
7901346
56996110
41162376
95689091
125210936
77624499
123509940
54501095
38822298
59250883
37585277
83258638
63228905
27468200
72517532
88153497
118792833
76563389
44948985
84450774
98900287
80883330
24668896
103295574
14636372
12089987
52290482
117700182
96280008
125293219
46558263
82501976
109528872
20795892
100576722
11911497
25627480
85908290
64622246
118779756
16233695
123842309
105962270
88923930
94667994
3075138
66442883
9525244
70748700
20266890
79546445
2505915
37885244
67045543
113302699
96919840
52949426
86166507
88096736
1055512
80297686
119491302
64642058
6105498
17202014
104682671
112163791
107249157
75316887
57133489
101856002
