49214023
118340755
13703857
111789391
103558101
20853469
89480480
94447498
121614341
40729310
103305242
86511315
124879021
53824675
35792455
91047920
46012842
104120189
99703314
93000760
58602538
10220532
48701133
3395349
91581957
48027003
61699340
118081423
20900128
23498143
106995807
117670289
7666959
117527554
116887501
95517415
93670371
71845010
23224211
45097756
102533730
122939383
54853403
10858227
39750393
102877026
82662364
62103668
52715525
100905772
107292056
103458580
88375168
73875685
4414842
108634969
71541564
118268294
132917644
33895875
97931249
68498365
48624000
56673720
6198618
24514041
35863710
95518026
99866845
16843108
7770983
81816434
104927230
96651045
48801224
51974698
86568085
47985162
96210670
44927666
88566711
122118007
76170922
81168848
50552573
69734285
120383225
100643015
65471811
44513266
29394435
118461573
59458513
108700156
6987369
67680449
84865719
29984553
130256198
10279828
44161465
123524390
102689537
54843876
22248799
69598992
106787753
589462
113006255
41410606
51506596
20438402
76279667
42731618
123816622
31456808
38604892
80104894
50109530
41610266
120302407
131532121
7250001
91047359
99191014
39977921
59089535
36258227
45363725
107095258
5137331
48317026
28031527
112971584
88940853
26372469
15952104
59346961
65803449
53679671
91315
96164164
67913933
114742506
45561465
19121455
79063698
21599446
48758150
32372087
102656892
95767216
45134893
31809058
116509654
94413787
85790438
59633890
23366889
133501046
82971761
67752359
75352867
51570389
101880603
106660332
117169135
118259415
22908245
113447839
51773928
118835996
1973172
106860801
60435379
75022835
98702976
70067332
92158012
69306271
64544945
22677470
86961253
47488019
7793544
31397593
23287931
113401630
64195019
99976212
57033473
132783597
116454183
124505503
117511545
80509652
4634322
119455569
684464
110549872
132318289
51457313
73851704
3034329
80283570
117824270
25834030
16505741
120821759
63912268
17455226
57986460
1947971
108321723
60991758
24087663
44530015
54009801
43661611
9601503
109230929
106639724
120353997
89678518
78929225
14790919
21676149
24565406
28871425
121498901
34366723
85322032
117399400
21047209
40682135
29824301
64987177
15313763
108962307
111210552
39401713
12019505
15090531
28050453
127511825
42362365
92483740
28368337
109848539
113320084
74056343
5740814
98780470
35105971
57989778
113068755
31454155
117449855
112457786
113635055
34346835
73625380
49001889
14809538
23360961
89173958
91379358
42940378
36705892
70368298
15748993
33180996
30532363
56134133
59300206
130214353
96829451
108670601
79999452
90690720
11211760
68746700
131316372
4537817
31685623
67892149
35743848
120518182
59972492
76138155
6938274
51367098
77874301
91616420
10616440
87098448
68011527
68115456
3894410
47822633
102585820
101553938
98760635
6149871
48405672
9315806
75120221
19651675
15746019
52160
92689325
10768812
12381132
107639511
90274170
78065198
30086135
118463019
52251722
52068507
62343914
99226432
22361639
74134421
66901559
100866021
133612277
66479719
47110409
76168447
13454203
27478715
24445530
36263572
65572884
47828781
134169337
109461552
67505570
3326161
15404134
129280978
9496245
70512092
66809788
26353164
1915687
31660226
23266431
24665518
30825521
13384956
117840832
34187229
20319812
5059353
1040635
21943835
26842929
114939026
115971511
37251742
120530178
123714932
50348929
69290193
35221558
95520602
65812284
80945488
58218666
47803789
123589325
74965024
38775252
122709389
13624081
132530302
58494210
104023056
89464774
47322605
89824408
59708605
5034785
112488593
117222419
97868157
71942307
46502985
85307326
9730331
133217783
21732364
108512647
110145656
104850585
100373143
22476750
124061913
27170436
1945521
74181826
19802704
15050755
113822229
4534550
63085910
20417381
43682770
47116970
19016546
31485344
83472514
31278204
17505723
99989023
122754988
97742222
92264813
79569144
123600843
52306697
114916355
121672918
35917944
47776862
115374397
84461862
4209059
42904281
72822861
92329763
132404197
133454924
97402995
114303079
119892519
81379743
41954549
1061244
130256494
68509880
10419674
13212451
30486696
81291024
27428614
35997436
93745052
104859772
125507223
28463218
45431576
54400746
73481236
15099408
74771127
126836710
56430357
127146710
96272596
99242736
118386566
37196058
91280231
107249342
31054956
59765954
10141660
28054356
99022139
126407598
50022549
73224837
12688936
87916547
40589557
127037117
86742654
41771150
15522873
84003451
113314821
129433990
27908855
67539099
10310345
92801645
25332569
33885144
120477039
7248710
55297041
96165355
78489358
15349123
95845525
38298137
51802929
67201605
57264882
44830402
121774903
119524980
27067916
105037357
75871013
1370639
49648409
69130147
123223193
61407598
91707796
51159491
47268439
54765303
3585493
119803504
133126569
100673089
38288931
27158115
131995358
15876310
30273463
43897342
99327607
82050058
90968954
75184597
131536748
53463345
18322787
124115782
50557286
42967422
27728450
20397089
24881312
108202809
91486971
2059331
97630150
92354199
97276176
29228059
52301627
68373687
77475850
36474385
68461590
12888549
18685608
117014318
99329756
89323035
20741481
130046892
87552114
74091742
127780891
14147183
78559826
100080091
68408967
46300843
73228698
114554902
46537281
123456736
32293186
110274912
71752781
66558071
98689115
117844082
113494059
47824761
127418891
34276132
82147259
127234578
118954277
119806987
77170437
41145254
36351596
108100363
116628529
132455934
85278870
105628345
88233075
83691808
113502606
96892448
45158271
131961006
65469077
127219999
51636595
42574698
102113832
116207354
38704583
48349495
102861209
71702479
1581456
22649380
8418212
133063944
100199602
126794145
110451349
106643164
1540828
113477729
90583973
98095617
79080961
64950756
116852680
115881346
75284069
95519445
59319007
70757506
1783690
58921675
37376256
57138955
20097817
122369136
123230673
114062339
77085276
34350388
25769247
107857010
52896591
58007451
115336072
79773134
61531718
86447727
8455353
69817884
34526106
118056255
89499954
10544463
118928988
118444994
66262982
125878760
39501749
69669240
111041048
1647611
119528179
112114112
21195553
16546390
103432388
101273109
115303929
74573818
52634016
87935396
104154464
109521085
123073216
124949973
122586238
122366679
68961980
20851811
130597304
8097045
7319209
122715023
27682508
12712341
35436251
115129326
104650954
19987213
76809326
109474310
129401625
5901235
77898257
116268850
91886130
62237068
73189642
79145401
7656246
54152797
87282074
122920218
42371338
111753038
111289842
3387312
130169083
89521849
76590842
96431764
69851082
114593967
60948607
61683389
101602487
125871013
104576273
31770590
69787717
83626085
58369155
59328739
69694938
94833962
130934988
113446745
81077966
111438920
15944112
60020398
107014723
93660059
113443324
74588760
36663134
112109131
57802782
65777647
87085443
40601754
5886703
58737421
130272809
127749730
36976463
26099811
42565189
86350448
54763609
113073452
108180711
110628496
2170637
13584505
49915520
2506270
130626231
90615911
18242623
53539684
118226255
109043109
64996755
114609062
26954530
51490580
128205754
111525070
78665509
59816857
104618349
106810401
50492564
12105667
69730139
21988820
96151162
59771789
122419993
40308330
60214025
63638001
6677592
35052334
18449920
94749140
54937038
123298357
24708481
125830386
112205670
50135370
102309639
60026151
44295541
102022164
29560376
54751661
101770633
132368542
28820170
101236715
105659166
38895526
25481182
124200790
37639905
107602107
134183977
13982107
14050717
42834543
31637998
110013494
111968436
63445941
22717222
4918472
107334438
2623644
104079308
68976074
83327135
121168319
11802034
42614028
70635580
118028311
34124437
4764091
127195001
25829957
102597442
52272894
30969458
52245749
34421681
97296254
18976781
22308695
113191906
62621379
114816323
122042147
60034721
113202413
130361249
62623407
96336203
74085016
65788595
83667303
133692829
118675587
7160711
24487029
121109595
46544817
71439371
64618575
102867444
34189420
15549930
82768179
543875
118087107
132873056
86749547
92192098
88381799
34329747
79863100
71748893
73313579
56649094
97515747
87941547
95588932
115874182
75277932
53411635
26269972
114112400
31355
76717513
37519379
65382772
75136919
101398943
129125449
116140572
110825471
28488329
97377490
487743
89178283
94927568
42090484
96329014
48412252
28343757
30670524
74074738
95581463
95060230
32420518
130526322
116528579
88488057
96813207
56688997
100378016
32034512
71164815
26094069
6166561
107816595
23944775
71468449
21519166
63099205
18645611
19463762
90952992
75442679
78772683
67750722
16130576
14432519
1248526
56073866
32507377
82200975
88441152
70513836
128878905
27249409
104055491
114296593
126036383
26420800
128794645
122719236
50582287
5810345
22919979
114033861
66054508
4322687
127053710
70728375
97918956
51828296
51263424
86613433
60245268
28508191
130069998
84989945
114142975
40320020
121680406
14104508
26893721
126310136
1942184
10295029
67534262
49528718
107563519
111297838
4094035
29661953
133689554
115908337
32088284
9188868
110383546
131156818
68260438
93999156
19382774
51498950
95840305
29462479
74605501
104791691
91604666
65004117
103326893
114633022
42287640
9917587
7189344
88394462
17779098
35948456
114191164
14271826
57977951
66846000
106595697
1373949
11862571
112733253
13563297
98593553
26053419
46694176
84973302
132257421
46282233
9738076
10781375
27132500
65600182
55541249
16420717
5961576
67719554
98104955
60564664
103551093
