15088015
71664891
8593727
9651828
120367140
44433272
75752873
56230415
105263098
16404037
39119796
116266795
111017182
86569130
6537595
53723397
90767729
132012117
62348609
76806801
38475290
101404834
15292812
62995462
108878156
4181986
59771141
34952641
73965357
29056386
88629214
126388950
132566967
7268380
112148840
97250239
126384033
104836083
110889188
83034100
27082745
44226546
106303582
99791226
89811513
46806493
81087928
128008411
55595497
39550134
8669412
131020144
103096377
58263913
108389970
13145289
98538776
22291306
39639506
21416856
126920539
119458292
1208963
32701244
45087629
47396380
12679293
78416336
46009143
128465585
4167096
79360401
49774709
4636169
12789910
100821216
107149236
40668639
56977725
74610334
59326088
124559473
53771794
66547892
43252889
58931022
28332768
59500893
6868075
6643778
103355955
98557786
65651224
93678012
21490213
93765404
109599290
14485696
77121809
100656286
86663434
47446601
108819500
14108608
106812640
127703587
22662713
120383847
131991938
16087494
37127510
93901803
4820825
41130847
111880646
13226011
93769755
122120154
23104916
123926517
9703623
62521541
40198165
126373867
33511532
75473065
91606383
1709691
41531289
32427340
74780847
120738898
116442191
103700748
102324519
10539296
18053310
109263988
69339760
2998545
3515939
92526164
130255009
80798194
21911361
122334782
19384174
43710227
71250956
62108231
86730147
112962754
120241308
33757717
66233738
18177173
66542236
43657080
16812847
45035827
31408503
108163179
120615759
5692606
13981657
10087445
43397898
93658018
27117093
42861661
47759406
131533226
65307638
95943225
36497631
37607510
133425510
28125509
92963336
3599326
118354916
94475891
56531365
125601369
71792003
39981136
68783678
8544790
36378320
107516576
77350005
108517951
109176178
101405045
86038360
48905114
111268687
26828124
94887449
30010952
55535552
16901692
125427121
96845064
110016482
43380539
11177269
75784710
30778586
45396759
26010946
4350891
101240441
118637644
67959764
81627889
95815417
92166728
86293698
113589393
68737223
105388375
485848
120978664
122771354
43363528
128629961
70279289
54958916
97770799
41549142
32040869
77284906
40442254
125594552
83315537
4501687
71116216
38316932
26781969
126177166
120023682
81905116
92271231
84926169
55241628
118279690
21492081
92241356
94423625
63219207
69740034
34936191
95236010
73675781
85371805
71706520
48647867
111658767
53557199
68401528
111163280
44884095
19687815
52562726
6889389
118240403
66027026
50195558
93665279
59911462
125451861
1577437
38470281
64216616
50175863
12562642
6149296
40194677
83746578
132908643
103621590
72368825
37930091
99025631
81251934
90156653
23615926
87268552
125769502
51865715
117231919
107366768
56035129
40241117
90708500
126262491
111295702
113816722
105509728
37791119
28550232
129250851
2047965
130698045
60611869
48790815
4170924
114431729
63365146
58854984
91227549
31294955
126334941
102386471
90055575
123636661
27858480
39983325
63943163
11836170
108264647
61868419
102600462
28230988
89263953
93498180
131109744
109781042
7246034
23840015
117003767
87684423
52431712
97257931
6805438
123406039
22964445
126600541
128919835
111103697
53334529
55715806
99844039
21357668
83507637
57833430
11952662
18251502
130832003
103242432
37705736
54703221
51052472
6068677
53520509
130816985
52752597
77687935
5792760
97243960
21014507
127377319
4119692
61410974
121821506
115801652
85106977
93827019
111217025
45662736
30889703
77465784
7536037
74692909
73983934
111087247
132572676
127454298
128765044
61403715
91915992
106043743
100866425
50450350
121565174
27702664
2920635
23514019
49867283
72066210
109508370
87896159
86169212
96268179
91409448
39633842
45994900
35190112
119083083
22499190
27009425
116111701
74711112
112452507
120160284
132022665
105276329
71161187
45957744
39371958
60331672
124211437
92254824
122702533
88085837
24573296
88082014
30094856
126721966
67735795
47038380
77971073
68410802
71970167
101362721
131254160
76841621
125097447
10647134
23736297
117636597
99095011
60043389
99114611
37840739
114955233
51592960
92593382
2357815
2740009
93154865
94760323
85487460
59487730
1324464
42036618
108873942
57978943
23609560
56663103
35386743
107632527
7701382
12414959
64502835
25724415
63437833
130012317
8265661
105856540
52396557
106323337
128489220
66282372
61846846
68673010
66010425
101983774
48683171
47090078
37559486
39489970
131338396
53777688
51061908
84489952
7095858
52570628
14094457
65613995
123849660
94128493
98638190
112939156
23862159
50717678
72521714
91526099
2522519
94961014
122442315
108751736
62399899
53790906
60406731
108984528
73033229
118356584
261422
81237556
125659980
27940198
4597748
51804795
98618957
37463974
117498434
127930821
65632854
70813890
73086867
49945726
77662414
33181989
52154737
336631
70932352
130089562
125646229
56617582
112099497
20251919
129090428
10936375
91560868
3708964
2752783
109345055
83630603
30198683
121910530
105571407
124797282
39179669
123424805
14223013
26061645
122911796
6663437
60590881
64540320
47791325
97370909
111610522
68667410
39973624
9264928
79067719
2717190
1349373
3964517
50971674
121566460
35042478
104168371
19472650
126940170
39198555
16839015
71779790
32706936
24565499
55102157
122886439
117159878
122593147
70733184
9847561
97024963
30023819
89247924
2970497
49566747
4130896
13295142
114503323
18485917
48642309
90340012
122392339
97129138
18735476
105049252
83850210
124295649
34871556
117472189
103311071
50945419
81354318
11049336
99828130
57380530
17554563
10739414
27811730
85115102
10994578
82104678
103912517
122062078
931457
14110607
98279761
19376436
75684595
115500758
71162666
114981482
118146734
22323040
14894258
68642968
58897373
21885429
127588198
20755119
101124482
6945610
31651983
6299928
112597653
9774098
28462530
32735457
40094556
81215948
65889770
97654772
29042380
36594192
100609204
8967808
103470879
31990600
45266885
29794588
43157012
42494262
102962055
68449373
23391818
115945955
84105038
18430551
117992171
127133007
3557279
6640598
75985392
110459003
113861817
40371382
117189507
71860533
73174210
33815798
115999900
49725046
38839674
102546695
26783001
129264160
32745485
90178790
68224859
88476514
40082076
12117950
125028134
29484377
46512043
63670131
129001381
108385148
15665021
124579081
126882026
81461190
35361143
93475215
7798615
78689044
50039084
10077460
13585747
39477669
124390367
3755575
119944735
128285856
79537014
15023260
71030042
39944408
37389017
86904865
102967591
109147107
117767486
91373660
16267552
100173346
110098031
17920331
62462535
89206751
110142182
62120091
53098258
49228932
52918594
119257206
32439341
599825
5032945
49750097
75572129
133490627
66431639
30983327
103952677
82144442
9317188
23838229
126477641
109947139
127788663
22001486
96802463
88090405
5065453
45157721
56170564
102542372
73246759
6977073
59380993
109855616
56943575
36110824
6494325
72112336
114223936
1945120
75856020
68105524
36303294
133266601
31553799
96588563
62717478
46673744
21569875
15990849
43589884
77517059
65328488
7191775
48783529
114799040
38686328
15859537
133941473
115332341
31329745
132371804
27737574
25249796
15059030
52372922
76379836
97962633
36677201
12027240
83576771
129222640
64741042
11976220
22429036
132159371
25245962
11094412
100480623
4025305
14713494
23699395
52011829
97942600
83962575
33356434
109608141
29826366
107159114
115235458
14621881
105983593
48559620
517681
111495060
12351685
83848931
125159915
68750622
2830188
108846386
61621486
68058611
66648948
6402792
29803127
51444018
130125490
30581899
78272317
56498911
55244826
52024540
47578043
7452620
16747906
90723693
54638210
27473838
43747768
38061540
50874318
119971015
82180501
89908738
59080519
76209410
24605282
50715247
90034126
111392191
93628829
28456411
3443647
47023760
49669909
67851366
53325679
32696453
90110257
31397702
75378703
90031602
71955177
123334234
49394809
85291450
6418603
108005544
45635505
124640086
4948783
41057873
101462460
98198798
7649230
73278818
29420502
93598956
107774575
24571760
73015298
12509480
42583357
62062634
34731354
93672619
28723026
5026404
82972264
21175248
52303206
16541853
129753612
75966938
127741459
83129509
2761459
118680894
1846792
26100164
35533706
76760596
30362813
4297596
27942147
74232621
55184290
3005502
54968867
120722951
102448821
58069921
36444595
33266247
41736102
78262844
43250853
36215179
111403669
96689257
25604954
45581026
6747841
133938736
114079394
129104738
104187519
32909877
120512355
132488970
121518513
51408500
60841865
30607330
125611982
19589161
130050077
89157888
121563187
7367479
74658957
114961400
18560565
131368274
88981142
56699028
81695972
78968347
29327294
116621387
117262890
36769235
62634932
4297707
128853360
27522497
45978870
40032884
85800149
11951244
108763304
101948707
28343503
107042247
53399142
13023057
76455013
97916447
64545795
110436749
104773360
30006472
27111148
114481118
122208678
72149653
123919474
5799638
68236775
19118756
37603700
5089587
96658148
75948286
30048688
10025428
42217266
113653850
98861941
45679684
118616629
47581036
125814264
64574748
41374088
79608742
62671243
118797991
86464459
31076904
120692240
115948239
61718038
55833622
4439548
86417005
3304677
102784285
8692054
25404034
82871445
120151278
14788634
100936965
100183037
114150669
65503525
85500591
42556961
64412612
52746177
48525435
16301330
9295932
112135285
61867286
91778042
101992265
68193559
100177256
113494537
129687433
86099882
111260531
41935282
24583642
24223821
