28053127
28053127
108344787
108344787
512204
512204
104565081
104565081
19480352
19480352
73386211
73386211
9740191
9740191
102945141
102945141
14931299
14931299
28781493
28781493
78441365
78441365
83441047
83441047
21329269
21329269
114192180
114192180
29503242
29503242
8986327
8986327
44401107
44401107
89582594
89582594
74790283
74790283
72795331
72795331
87097230
87097230
18576664
18576664
49280744
49280744
102910429
102910429
31812625
31812625
65693847
65693847
125973735
125973735
82420329
82420329
52490715
52490715
27887774
27887774
114845831
114845831
105037101
105037101
912969
912969
96870213
96870213
70393154
70393154
118958188
118958188
176403
176403
31895647
31895647
79436294
79436294
25314763
25314763
84707160
84707160
35998437
35998437
89857556
89857556
130291677
130291677
123611897
123611897
130730806
130730806
120744768
120744768
25858287
25858287
128929449
128929449
83997360
83997360
128832513
128832513
108950504
108950504
36462909
36462909
72394906
72394906
56440056
56440056
117069000
117069000
90508416
90508416
100010932
100010932
855486
855486
58745081
58745081
117356963
117356963
37343733
37343733
59370967
59370967
28068311
28068311
86644631
86644631
45884388
45884388
45340185
45340185
124440040
124440040
45770953
45770953
16165045
16165045
32424620
32424620
80228904
80228904
32062613
32062613
85753061
85753061
102726668
102726668
75798346
75798346
4792596
4792596
42216594
42216594
64298906
64298906
79930432
79930432
12899716
12899716
68891696
68891696
124177038
124177038
89884109
89884109
2744906
2744906
31411834
31411834
84253514
84253514
126137688
126137688
49898849
49898849
97138972
97138972
78313896
78313896
132391971
132391971
67223003
67223003
80708085
80708085
93919334
93919334
91698501
91698501
54009354
54009354
107597971
107597971
106648195
106648195
90760797
90760797
130486754
130486754
55390063
55390063
37779616
37779616
114716705
114716705
95986389
95986389
83002792
83002792
117903814
117903814
60629890
60629890
120914251
120914251
104259741
104259741
34149825
34149825
59177954
59177954
7402811
7402811
65223169
65223169
32110979
32110979
92120194
92120194
128820095
128820095
15722635
15722635
101483796
101483796
75069837
75069837
69629936
69629936
86060005
86060005
106054111
106054111
36618666
36618666
4660472
4660472
67713831
67713831
15906877
15906877
31759594
31759594
63220270
63220270
95795238
95795238
70509346
70509346
90073768
90073768
111399922
111399922
67884269
67884269
20913327
20913327
115907569
115907569
51795658
51795658
93605406
93605406
120366754
120366754
3563058
3563058
97204116
97204116
26686976
26686976
43721158
43721158
111118790
111118790
102852483
102852483
12758803
12758803
90528222
90528222
111501754
111501754
34989726
34989726
91740167
91740167
11873127
11873127
90853461
90853461
24981742
24981742
46882110
46882110
104997737
104997737
38559343
38559343
39672596
39672596
45235401
45235401
28035070
28035070
113262941
113262941
114036630
114036630
25059278
25059278
16535074
16535074
40825300
40825300
9111633
9111633
115962191
115962191
124247109
124247109
11314203
11314203
23601111
23601111
117953536
117953536
95839840
95839840
51580049
51580049
65248914
65248914
17148819
17148819
21684980
21684980
49938641
49938641
101030961
101030961
59682945
59682945
85319716
85319716
53322156
53322156
87899963
87899963
116453211
116453211
109127916
109127916
56313669
56313669
100869738
100869738
99431180
99431180
8141367
8141367
123529358
123529358
99809800
99809800
72283587
72283587
123146764
123146764
76082613
76082613
35697346
35697346
39230655
39230655
10048894
10048894
110261808
110261808
41568462
41568462
53069200
53069200
92472337
92472337
132966396
132966396
84445493
84445493
103046912
103046912
91876068
91876068
94555108
94555108
110922218
110922218
79069847
79069847
120165851
120165851
118617999
118617999
63659774
63659774
51351054
51351054
108848824
108848824
104227520
104227520
81338955
81338955
4402608
4402608
44989395
44989395
16503618
16503618
60031791
60031791
18362955
18362955
39610943
39610943
102811977
102811977
37396203
37396203
25032426
25032426
47385015
47385015
128833138
128833138
92456950
92456950
127262650
127262650
93921669
93921669
67570501
67570501
100423959
100423959
58874396
58874396
116297418
116297418
111679847
111679847
63374180
63374180
58163930
58163930
40759803
40759803
103926594
103926594
23901782
23901782
83470423
83470423
123355131
123355131
78386443
78386443
80639547
80639547
6505984
6505984
56302058
56302058
94948599
94948599
125293910
125293910
27672069
27672069
104769648
104769648
90322417
90322417
124125213
124125213
1664385
1664385
48021896
48021896
32744041
32744041
129951370
129951370
18372162
18372162
82919673
82919673
120224089
120224089
36762024
36762024
97736902
97736902
121517343
121517343
18441471
18441471
97134223
97134223
80449848
80449848
29740168
29740168
129656010
129656010
57535592
57535592
37505896
37505896
78780409
78780409
49371423
49371423
99256205
99256205
111958879
111958879
112395262
112395262
3099313
3099313
36234606
36234606
126665678
126665678
99929463
99929463
42322969
42322969
55547736
55547736
3380449
3380449
61801810
61801810
76422059
76422059
51064563
51064563
37171914
37171914
94210597
94210597
17122938
17122938
17400419
17400419
117789117
117789117
14393070
14393070
34952847
34952847
36397167
36397167
24679594
24679594
67486256
67486256
2467053
2467053
102678801
102678801
53710983
53710983
76596234
76596234
61302970
61302970
97372985
97372985
114101370
114101370
44834246
44834246
45892755
45892755
111787327
111787327
38015611
38015611
18530378
18530378
66618831
66618831
130926851
130926851
114967290
114967290
73065968
73065968
63435475
63435475
102001367
102001367
53531705
53531705
126726919
126726919
22185467
22185467
132629157
132629157
46432411
46432411
108783680
108783680
79156686
79156686
97759071
97759071
124705746
124705746
31195241
31195241
119699358
119699358
45224028
45224028
108392192
108392192
21032465
21032465
6303960
6303960
78943878
78943878
98672883
98672883
112172241
112172241
111319589
111319589
96297167
96297167
125018169
125018169
124096331
124096331
1703141
1703141
92174167
92174167
76589012
76589012
16742385
16742385
36063279
36063279
57139803
57139803
92316865
92316865
109627373
109627373
79568439
79568439
45796877
45796877
81637763
81637763
79537326
79537326
72082126
72082126
75488128
75488128
61772439
61772439
97355576
97355576
41960789
41960789
39325486
39325486
90011891
90011891
105524768
105524768
9355549
9355549
88533725
88533725
102619737
102619737
125738312
125738312
91963656
91963656
26539092
26539092
22347724
22347724
47744433
47744433
47279931
47279931
109694570
109694570
49514152
49514152
73337175
73337175
52624627
52624627
106491042
106491042
32043489
32043489
83320646
83320646
78821529
78821529
56886962
56886962
48975981
48975981
58628690
58628690
99404015
99404015
118402770
118402770
71117471
71117471
30799521
30799521
66411612
66411612
72990837
72990837
120973583
120973583
116602589
116602589
5466937
5466937
78338937
78338937
30296817
30296817
78476771
78476771
62358814
62358814
80590707
80590707
104716666
104716666
61580972
61580972
102703540
102703540
113109689
113109689
82865230
82865230
129471942
129471942
94516751
94516751
41354796
41354796
10254826
10254826
117476755
117476755
57744274
57744274
78071171
78071171
105735428
105735428
109585975
109585975
17523607
17523607
106550897
106550897
78924867
78924867
38643942
38643942
112042882
112042882
5381005
5381005
49348922
49348922
115609590
115609590
68947734
68947734
16053751
16053751
47572830
47572830
94418092
94418092
82263355
82263355
28762503
28762503
4965616
4965616
2490486
2490486
72629362
72629362
20228659
20228659
88232606
88232606
128166742
128166742
11921861
11921861
5731348
5731348
39383761
39383761
62703981
62703981
81683080
81683080
55873244
55873244
129679922
129679922
66919094
66919094
50376323
50376323
27418425
27418425
19239972
19239972
105947406
105947406
93414978
93414978
38124222
38124222
80025912
80025912
27933627
27933627
17302876
17302876
61340165
61340165
4513103
4513103
29413389
29413389
126596625
126596625
15729968
15729968
92779238
92779238
104792501
104792501
77377188
77377188
73033268
73033268
85232996
85232996
21683049
21683049
127557150
127557150
105683621
105683621
110086066
110086066
92056284
92056284
99430547
99430547
53382892
53382892
84147261
84147261
21130665
21130665
129398102
129398102
23829050
23829050
133085569
133085569
32992463
32992463
2307521
2307521
80067076
80067076
76806204
76806204
34030292
34030292
128674215
128674215
14359096
14359096
131510027
131510027
123688186
123688186
61662496
61662496
97629807
97629807
130493984
130493984
91787256
91787256
37888252
37888252
123339023
123339023
32352354
32352354
108014036
108014036
80631436
80631436
39945031
39945031
43215469
43215469
47189656
47189656
1358794
1358794
15009915
15009915
2284890
2284890
86373512
86373512
82488464
82488464
79768708
79768708
91268825
91268825
55593379
55593379
119268942
119268942
41872862
41872862
66389893
66389893
132737177
132737177
38677796
38677796
1504159
1504159
91092179
91092179
43368591
43368591
12801411
12801411
28275476
28275476
61541045
61541045
43737460
43737460
66939491
66939491
11644426
11644426
20482856
20482856
46518105
46518105
59633665
59633665
89361844
89361844
42854584
42854584
54129427
54129427
127107411
127107411
46695804
46695804
47643421
47643421
80526297
80526297
34098024
34098024
