77297339
64308258
4748284
8784697
72644743
14904249
87206783
1285206
78400226
64919059
26184437
31710274
36135504
104768679
111117502
101711162
127353249
51400621
48508832
12498153
93720162
89999932
114932407
10229357
54540890
9975819
101790218
13285620
53501270
71797351
74484481
42575144
2428486
41902142
108554983
119456878
75579695
12344646
28907871
101945712
121495970
23037373
108276803
129748017
52416621
98149689
49633086
93753817
75145080
120471908
120685399
20539893
106487316
61202832
104360486
124015973
105013755
22540299
101666590
14741446
106451110
85408230
101533187
85414085
96366035
31702191
49658646
71654056
134102689
48261003
14833435
100731674
39860073
113834835
100386385
37093306
38186216
97550620
15215713
115762891
26402533
3484353
1920518
65331682
64745181
121465051
87868774
105517430
14643406
99162924
120045686
55068757
72207801
22347254
20467888
122173522
1480874
116834969
82878772
102800552
21821831
131753437
59797107
112411518
89250864
106041567
85953769
45524985
103064519
106321601
111887447
122997155
94867518
107579236
69002206
94405946
72240202
97308532
118075784
45330451
88664793
74504501
98407509
85381568
109762727
44131125
102630522
66388805
13987319
39198431
7500463
17219012
5075725
4137656
62538510
108519776
48936370
90150885
77620154
29317583
50422033
32922098
15851224
78594559
17907796
123443520
128000039
29470991
27682070
55155562
31765198
2885228
94586585
101200561
107239843
52595943
60319899
33741736
102385228
104537652
132413293
16114400
120687456
5073421
123836630
28623558
86715126
56164441
56339251
82624711
119469122
119001037
76278741
84614616
76050523
115746435
37465350
132339896
50006375
54961522
32361748
91219868
67802349
96293474
33306721
68745771
99898743
93527748
117456806
110269741
49410354
95158304
4382804
56520159
77683231
112763656
8381891
65710334
75439179
76402440
6324559
97845169
4286855
15291049
95404994
126512621
103444288
3528626
103050756
82274263
33341536
18961102
633050
1038164
70206670
70894233
11249012
60914799
820381
45852332
43194089
92570126
60482713
95971860
131831894
1431315
38771743
114738691
121561907
106598097
65510210
36248825
42369253
105645081
60038645
17262398
62509705
47866678
48520760
49966163
44152109
129304855
42583822
133859937
100545978
14483152
105000565
63208676
96722095
27582289
120550924
89798823
127012460
51280454
92774743
119191632
115826672
4526170
101794562
90230172
22163228
9796967
67510116
125710215
94803589
76607441
119143454
69259530
78354141
65152315
44996528
110064434
62265444
107988609
7566088
29268189
85144752
120943486
48283514
59506651
110636243
68959059
95465104
107832406
59991008
28884373
84773941
26686025
62380574
123041092
68527487
51808270
99451649
99673359
10595730
10470632
3114506
40106903
116379429
97590252
63122225
107805968
119835808
95251893
99179320
65952644
97747739
127611869
80480215
45196765
62666141
21119621
104251658
114184642
13084456
6306263
43192360
110739895
126095011
66360313
101179677
26258136
50080577
100115486
3904316
3044013
55540025
13625241
124066662
53506182
90207587
119616454
95794158
84230353
116675430
99189780
57441560
127046349
75194744
100309834
71839016
42012202
96290892
36900673
68394921
84420886
79041323
83399484
34081653
76895316
11998945
98197422
92934785
62375330
123711042
52123943
55908111
40324178
74152859
107711387
109621869
109618633
46843895
87417786
61204637
116256696
13412763
27876233
11750205
41149625
109383529
125119999
115973401
114077290
32857354
33420442
78671590
134200761
23195974
66355776
28709209
21461956
11438464
57794063
92103377
53985835
108005658
121460667
51447411
1209258
114788306
91824557
68791555
5805154
16369122
51116322
10923753
112432840
34774957
20810678
130333467
21354997
42786585
108814983
45988659
104001885
91169477
9060120
39464193
34944857
81824895
31463168
43928007
14585605
5362272
101977239
41357488
126245312
56588901
18829304
87014938
17260225
73515345
5851283
60816701
119705798
51465820
12454139
88457455
99852895
114968256
127006962
51062414
117803552
16720307
125375669
125334321
74845562
81457968
31914777
40068476
34222368
50495408
96208186
6088176
52719695
7593999
40822739
99764146
44347188
60769647
35884871
40706380
28757630
22538323
90253533
33828003
62903640
128579207
40587071
18941434
54605077
69556930
57444574
45372925
6013769
133848513
72418081
115167790
10749500
18703841
127572216
79352579
129504350
55096651
14080187
18264526
35450231
121098054
118078821
6086069
113679806
131233946
9450963
2115842
112907670
60999298
12169315
49345408
83510066
28699680
88379455
102096492
128311281
62680066
97040607
47599947
8644076
13637041
29323762
89681840
128510785
131148989
11136935
86788076
129238572
9334031
67779541
22519987
99300045
115180844
49125826
89313719
14618639
112071395
130807128
31707194
92082405
111499950
34126280
123761156
115209842
32827913
62263813
39420008
44957560
112575531
48041080
67054631
90436179
25327088
108708210
127047348
100848874
59332090
119982173
47914007
126877122
1883362
100709394
87480436
71386986
3187446
107509821
83451331
48875643
74403777
7763753
33849188
127304665
86718097
103744256
35881572
81301021
59532841
127194379
115297943
34617225
18898516
59410813
88685988
76631678
49050757
90744593
23995021
100730305
58583473
72531956
94826769
26991117
100921307
53464263
29508943
16966703
19095098
110974834
40592266
6421616
43938678
125306004
14601239
100067669
117867948
52950230
86383019
19389062
34502095
50925996
128029431
102669457
77232889
5880180
113975075
85135888
10678020
56728632
130681213
113479337
48925114
54543498
131166745
53622179
61984532
5732593
46260705
108374291
84639553
125677583
13780793
3452467
104497792
748052
112142773
43931842
33129379
92763953
27484957
10483764
132614460
113271602
130289653
22127391
73180074
23274207
112837870
9956987
92305434
15155430
124193841
125741381
101666069
101801066
63585087
22936222
118800361
28414904
69398539
96291196
18220195
121254835
120626949
120902790
102823913
70017013
55009023
83986737
81078781
23177123
85611549
91255012
127169780
104762459
48798814
51513052
39540120
66005088
87023807
46100074
2161743
42117987
69146194
88287251
55239992
99336647
23152599
45190631
56357064
47420718
107546162
85761118
81245015
54584018
40930960
89422869
24737961
752430
49201020
49484517
81469098
1252503
128461062
27862686
21866115
82593561
92682124
81810026
51739406
26010477
129617431
77379681
5939194
62324440
46966587
59574754
56814100
108790429
41296534
38753046
19419990
108560949
73104472
82968185
106187408
104241629
42279089
2559258
8383472
41806050
14885051
76572312
30883194
100051659
51526522
4490958
83143049
84770907
3787134
11265011
34279711
66058535
96870224
134136572
131080719
31736498
6733536
56267184
87359744
122219581
16987318
82571968
19173502
37104668
40739060
105515669
51498167
108673742
40570242
3097860
99146639
57875915
34358530
71130705
127794338
45226438
49334198
12058998
63991850
33924602
66767035
73493365
22252992
738773
46188327
11513884
99337323
130254500
117335140
49598609
105636712
54036634
42382124
33582338
39771195
32695398
80378730
59632958
41551122
6920696
109393990
101448167
12747105
40819873
107971433
4552820
34716847
17376111
91099569
93268665
36134197
86873745
12096908
124883217
132914130
124037915
47145495
51856533
12289312
55066187
12600222
9879720
69708566
74564280
37513638
41937847
87785233
15779649
60300221
9035626
12730605
44905175
78549548
85671337
107779802
27007817
14980003
110615117
14866354
127200104
43034651
51109866
98383820
30950869
23578622
49972776
92742507
99206898
23626212
89507729
112104259
92860949
95934783
102869716
37378186
12687228
70942110
13053050
99099926
32779468
94279295
33467170
35304610
38674597
66803136
44118324
23129434
95677000
4996737
65702527
53388039
11935979
133824466
66044710
13161671
58095722
9460988
104437806
134190419
14955424
66669302
57856507
4117918
647719
111708748
4276261
133962418
86707280
97025421
99323576
19113392
48636263
92813943
20754492
81810335
57743678
13030481
70411222
52836004
105427257
30623613
36211577
70541973
1377938
67680119
89938304
5410285
73147576
96021661
93395739
80799251
68585409
81354397
10348725
79553965
114384915
44977037
43965611
129274075
77947978
41020203
23140616
129147196
25278877
64432667
22368773
86000308
95651227
66593350
77349638
45125818
59878807
5540151
58223516
127061051
92520613
27111020
62197447
133539431
35121854
96632701
49352969
87919715
97632275
25207525
92993843
10507815
49041884
25902567
67357332
20990722
88303762
33777189
130568740
55408292
59481376
86555801
58305963
42872209
24563654
76010445
85497782
92841832
37398024
112078128
104552862
132738071
54365743
103222776
96321672
46684868
4999140
21258478
131886128
24616476
46279457
75609982
50141666
4860578
23290068
100903989
42355945
130996714
14986745
80356838
132902054
128595755
19660217
61522587
106971878
50501445
63592353
82584424
10677774
133822917
107790756
3331095
117046630
58044954
44100328
29426769
76622305
57483020
78364191
55873592
112892441
125227143
130405362
53487474
36965312
111268869
7669962
17907736
40625573
15848488
37230354
62750476
126223936
134093840
123393552
95366093
48451190
20768081
21213392
122688787
79299462
1280030
50729951
15257190
494222
90812705
112305979
67686394
858087
101650833
108984225
11297275
54314065
88954278
49316215
46818275
20024862
59839235
83343300
117893632
60434613
121197507
37549228
19684484
120792064
89497336
86475779
81259948
91043207
117849023
16255428
