53030610
12079531
62289974
561657
33439716
119514640
88830050
22177844
54035569
27140644
27622568
128350366
106057301
65176182
33643567
968493
30540498
77688627
30239584
73518000
33574704
63161929
75081569
84561300
98338127
8793662
123675719
46937351
128211628
10881429
108021703
47159915
79218634
118860565
62301987
2736558
80385658
89109903
57660897
50465370
97215579
121119967
20679641
69127030
69864833
60643640
122952452
28129479
106889098
12426324
104898911
102821856
80995710
122902035
40221753
124061297
10427866
122579015
110751483
70133574
15885053
127838242
113352260
64685808
84859217
18374314
90590949
2198381
116121498
126729392
54213554
5727828
116618339
25862271
38868980
116642619
127015824
37133564
125809667
113749090
45834109
47423062
1616295
20007451
97954725
119891863
97386937
11992504
121009922
102094862
55572587
98827288
1552067
131986204
50777370
115448392
47648214
73580500
39378226
92728245
40182692
28011690
126098794
87970999
119210058
13838575
17295797
54679411
669362
102814184
74821202
127005280
123109174
78667831
123213617
110383581
72495353
54364086
127470023
119409889
41933903
106721379
67153864
58263084
82346293
48427791
131482507
124436710
90971078
132423324
133635458
45737882
3561758
90376173
89487723
131355115
97448921
89322764
41568571
29904928
95542560
72360526
48096958
17113307
11395853
56561990
18153891
123868267
126751190
116791714
56091715
66360143
50280873
93254117
53281921
116349123
77111561
24201934
83663417
35512114
117383022
105530292
88560500
42089591
109789638
99383555
99920715
23896102
61760245
111758400
31810189
126051380
61460965
7093844
4898979
65008123
10899432
79031017
134012888
55581182
77705116
57099951
59967030
50619663
5092408
115425897
63197224
19814110
17736951
72664999
21262717
98998832
2301468
54910425
67369168
124617752
93737460
33220081
64874230
111563523
57707023
59769166
60849876
72839136
64701628
40220475
35063950
12875738
133008351
91431936
113533125
120036560
37128229
119443956
83288735
19654531
44321216
9344806
52437897
42356008
34401147
26837220
113959150
57331244
116670526
116143319
113885926
45426817
86936283
131618522
78814634
21475283
78152606
56178566
74372423
14569876
118204491
14076412
63775492
38748180
28622783
65684473
97684926
134016499
105512680
14994510
49221489
44290126
7283451
88439923
79010397
62993767
55796176
133946608
20182197
69685754
61655395
14040651
27541190
22579733
73529846
50028995
93517192
24097606
120868729
74959076
39153201
78899652
69094884
113122763
93515375
11238836
120091934
62141393
36222320
12676679
83358764
32912937
57115010
82600241
55497997
11316956
38674504
53127995
12266042
68968562
36080338
92932802
53436224
129744331
50955667
20758483
86471276
75350864
67263332
113112076
155363
46860928
65363586
131617690
72915988
56221440
68572951
112584189
29777027
116954415
55474662
100427773
98797911
53456621
28711420
124268691
101957961
117337406
25529613
64504040
98227401
56043182
85335441
32121993
77468960
96335495
14273605
70811708
106033770
50439025
32199845
110197518
10040116
100536509
46511688
36226484
115662291
111247248
41388313
51843959
61849603
71767048
38087413
36300896
48051831
126739808
60447451
120937258
28157522
131834360
132888270
81918223
70865222
40438139
7049922
97639396
58228520
9142274
1248440
68746845
80834419
109096500
131349167
92361512
86960931
59972947
5051675
66908647
132250628
10239573
23081750
59430830
119333741
49946718
98909407
49047443
26312201
56585614
118520522
17859935
30626865
37601456
124449656
38964893
80043992
120388854
84735750
80791784
31364026
89679808
27734711
72924503
88300764
5687629
98139873
71049380
30949466
15199328
25341820
63717525
86023428
94823361
73778062
119710789
37082787
61271195
39283604
22358729
4994503
72396047
30168024
58904027
30962637
15930852
99087319
126997154
41941783
32652599
99478821
19333144
123415405
87788832
128175483
34945753
118497282
293144
132713883
53666436
33051052
64188480
70635925
46602563
8334416
118010147
117107973
128337541
1485345
98706557
99787710
53372431
134213040
134146400
69575684
90409418
81816108
90267968
1799994
84551654
53686599
79170083
70242587
119830729
122206974
39567692
29766688
20236683
119212920
98014386
60674253
45257119
46920066
46748951
110870893
17398386
71568558
130772214
37957205
52520988
127583048
98891979
92757961
18650409
99269116
103329742
49083083
49947298
24970879
54350810
56850395
98783242
62465080
50756236
123101858
16468004
44185931
96844225
111443519
40527350
55986814
118412441
114683884
27270692
70951038
120989711
104052362
121706409
25723791
87421300
117795589
33225299
31258615
70043594
97663283
61783819
74474140
38580191
37581868
102931611
89164810
50734869
43927545
90790939
115864105
44479066
1159678
50958657
26543031
77537067
53578421
127752850
104926660
70131225
113674450
57359892
1850103
100596391
27941142
15525368
57919241
92326399
67575636
37378628
93575399
76676336
37084340
9711656
116309118
21818707
39456643
31065721
119649755
87698722
15125107
33885700
38046290
89328164
76308248
48860690
26647135
31816565
55101278
25990024
48716583
45453939
30221931
1839366
17235193
108844176
57373374
94156839
54443602
36221972
83957834
89018151
74314071
35249830
31070485
3147771
69091384
50499645
131409414
2339775
130401424
114119369
60092551
134188544
26693308
15661252
81137531
103503197
76060924
12135026
23519726
101732440
102169592
128350728
58969217
46912292
72915548
122498312
87793465
107097609
128849568
12137570
12543812
67379633
49579672
126004769
107253316
77809435
46275320
122772352
45148559
42174576
87317269
70093993
38828087
63867338
13619225
62827054
86774704
118891089
19953798
102710678
47477689
45868741
124491852
71070969
61310483
63736346
19878490
103956565
120413781
6940517
112667139
31454693
119153616
78847220
9825046
70688358
119855337
79233108
102551397
51003447
108242383
65963643
124354042
33063019
90124734
78094052
8804395
97353827
127939236
76141190
7309416
19365503
38819417
14972441
26083648
98834368
17901281
31163048
78004728
130150539
65365711
51212998
111967872
15529166
82646361
90674154
71414978
37085060
101297008
12027990
84013942
9352913
1148885
7142587
74914690
89459978
114763633
55184699
25669771
127040164
6145834
102986744
98400514
119551584
110268663
43196367
22414632
76259645
48649503
60901895
25400663
19415765
98596421
9168400
52076835
127459041
66793927
48014078
69108687
14819535
80152151
4331956
16890668
43342363
88848519
44821657
86163825
88501301
115034697
32893431
94332023
79715873
54013383
91470562
22642274
117722930
7269610
96169573
118419900
119732134
82450816
101196468
83470802
72373951
64906015
24645939
95285994
97919174
129643348
125298366
53405893
22052982
98675144
52851340
92637050
24841080
66805019
6389167
69795776
9094516
26834155
58871250
13875509
85481894
78466241
37963023
17002031
18685065
31220334
2072981
116204074
122633247
69276806
45607803
109624634
101359205
106983274
104455641
2955747
6755777
115678419
35942341
122911750
19962655
111393214
19603224
44989714
119266648
108578808
10404928
44758158
53847478
128803447
76773344
127216164
132446564
28400885
45523491
35817503
133863620
116534969
60865162
5591731
75061422
115409188
27473174
51464017
103714093
35646458
68423368
82810108
115372112
72908808
87703643
79848241
58839201
47464736
72866026
74290633
120751960
12127300
62380582
12889131
112019015
28072287
102363472
39015406
5530378
73510338
10737464
70954657
44997499
55764936
26012065
25181001
12894372
43484553
82188657
2258037
103712046
123954654
57032076
126724645
108858135
118259145
24373962
87800328
13905790
17283854
126737042
53765687
124663029
125506818
106724718
130540858
12569196
26685629
107010068
77829411
69947452
92554538
131893313
100878094
38075464
98660785
18026104
18928904
73652936
78903151
103452912
66547514
2891865
63091532
75857691
11503031
133365243
46104191
50098264
125898224
22384093
54892981
114529238
15694482
88237208
60222746
60967215
15724339
23206721
12006157
48189039
42187873
127965103
66259943
48866684
106331104
41709375
89709751
767987
115233549
181173
47389901
64975220
68713123
134053239
22773734
41290152
30247515
57218772
117493767
77854808
35228844
120459871
71322934
44611241
104937266
101850655
62577964
33146218
87048322
19847525
84215900
64645148
34739682
128618775
133853203
10533407
85634210
50869360
105424332
121853792
17272111
113411875
18305157
9222982
48592368
86034261
133459585
112172763
131296024
107746078
117051984
80559593
125259995
25263258
97446876
46393534
72898376
66638335
78464687
110759059
126396698
31055722
39893982
54534557
70544681
39139984
27023736
56874763
6247898
51320435
81225831
38329266
32183128
101506348
33874808
17296395
129683474
98790827
98080215
41292078
32528828
131529914
87981329
129528331
111949066
7173792
36723917
36916826
25580229
16263832
66085746
90668006
132194118
53455427
94927222
41783541
132765394
16013544
46051122
95900192
41170333
76601055
117408742
110309415
8035245
83641414
66868186
106295445
53559597
38992716
110923526
13063678
2691040
90402919
45413709
14380774
97008343
125249136
70912473
92062238
87818843
131188602
6992190
121131903
41184141
63981696
72908529
100081531
101743261
30447900
85979410
59486250
39893170
105888799
76679649
58200356
3903819
112350610
67924474
33193651
97802300
2137401
86004868
118435801
86023472
24869432
29376227
63830072
57649934
21470639
67985673
113848065
54704630
1371107
132201512
80289239
16318177
31941832
112209679
95788378
127752988
128557507
41237045
112316259
