44287535
36967085
75122558
2993119
55263493
4166714
56959995
95287287
84542658
37970016
94821146
9339972
2352950
125229621
75573829
10167863
114111237
95255396
38227596
77407789
42720040
29469410
120826786
37016605
63977301
88496896
27411779
115772549
116246882
131712687
105473941
51882118
40330817
83315274
48823876
19316817
95062253
5743262
27267328
92878471
88324406
130131990
44409685
70796417
32615165
7389072
39809850
65745415
111414310
70442923
123615969
19796728
43530393
76489086
62453180
76307797
32683387
61179970
100446020
130236915
128946262
112923268
56754262
8170932
97352297
71903700
33033320
76587214
72322365
117837066
78635751
74719257
87064042
68862829
83593442
114205206
71703940
25500056
30612864
102121371
96688562
33345607
93663929
70461461
65448687
92223559
80860185
5322185
58853294
65371523
11324296
63165313
219096
99738276
19996398
62355556
44904259
6004941
73519084
95272779
65232267
123539291
93648001
120255341
110493982
64992220
97007073
52427439
77566906
68536024
128859017
128320818
5181734
63688779
49611311
123118466
32265669
48754304
67896731
42715885
48365195
107034643
103615445
62221011
66396867
64990592
57789282
40990099
69015118
104998719
130324945
85048173
15295996
7136015
125693945
58289500
23406690
58304677
133976780
123018712
65903163
30166944
127698661
52564178
14240836
27562099
73511363
33080989
131445253
65840475
120381337
14893304
89839838
131976494
110292131
71894344
72304018
91853316
110678719
50327926
94856882
58212641
95821918
31990921
78761976
45451651
54757323
119177003
5734980
57393350
82873382
73725660
57663842
21907296
127400271
40513663
96962763
44921823
30453044
75090068
30779603
99234522
43431460
44903094
76089358
2894706
59603663
119907843
110328123
79230768
35589873
102726283
60879580
127060469
24670446
109159766
54902618
54284413
98821002
94636519
4392653
78903215
61240721
115321901
4921926
66842416
74285341
26888923
46992179
67691264
86768797
59396550
121958116
57359820
57433065
122898413
32441639
75318449
91665152
29439796
48834094
16122157
26722754
26708864
23706589
129682665
113405091
75727503
107677887
15923067
38490910
24556684
104800408
69511597
123527320
56376800
62396931
13133677
69810137
44461385
87013258
87391843
37405509
93432017
61488167
30943617
12262155
64660711
133946054
103723472
22833776
66833574
114245519
76949959
104920827
50309834
60237242
49870713
24328894
110520528
91805353
50851737
47031698
30664582
48608208
58111341
266850
7225818
108465904
56350555
63050756
129728333
18837990
49087192
33861674
21216804
51641192
41067755
38876978
103792620
100136936
31739176
44883586
153278
811472
83356557
32409914
103371116
130276600
38806747
6853530
35148996
49773254
17258436
29220193
65457989
89795031
94841987
212351
116135032
127038753
32652051
119520171
44855162
34029632
22345109
3625740
82022799
102387017
68011673
107148077
99651562
75996945
88438741
30875621
96933393
70600729
58461339
111457406
100542229
103395150
2034777
81808606
130073982
106517541
110804703
36897346
13183263
62138416
4942668
57118321
32254920
36696914
124694598
33517511
75525377
99220401
113928008
64208466
82920619
117036153
97309693
34046134
115522614
35177486
16682773
18555817
109996803
47740902
5137328
22640069
27414226
28036215
9328968
116113465
55309509
66067010
30517897
109780148
43369497
49253682
23201548
68082255
36262047
61263243
60875106
38309342
15393029
133078526
79350039
125253569
51895697
59791385
57817873
31117540
46516054
50944768
49977982
117357076
75105280
39865281
28047600
41422559
32237290
65551548
13423076
55255950
46357264
110669305
123243966
130710660
37860106
85291650
125215901
113180582
728107
12197025
122401518
32281866
7034275
82417663
93529277
131418413
78487044
66419475
106751471
90002439
89317258
59417227
31735485
155950
79290535
20729863
74692186
92120940
89145229
52899363
89751758
5138892
112614545
63028511
45511832
120550508
113566773
32902252
115765925
22380793
16335908
7668776
44315393
108782348
28480014
35883843
94111657
3584750
128515311
112061494
122141227
108159112
129385640
134209407
49790462
63424310
89185453
21320530
122284823
37013173
83691340
103158779
38920022
117543535
96895053
119718781
10119119
10954481
126227664
69661274
105291172
78700162
120110215
100128376
63710006
121177965
18799502
4280568
96529637
103617658
127946315
129104615
69927762
12698766
105018975
31020914
56850642
108093050
109498918
51544194
8801418
72854592
89925893
8232647
20830160
92573544
14320918
119593786
88506740
18477234
101426479
92197525
85937705
132279578
83328342
122134947
128378091
99521964
33201427
39890688
11677152
72345224
94205504
19196606
76551110
67485739
11603068
117980749
49873904
20596383
41602604
30314939
78384618
127188707
93280386
116863826
87100269
22327795
84218496
110915047
52871126
25982840
30806773
91201999
29650141
55456812
40598294
126701238
105188494
76820184
91140513
96250327
74345985
78933407
100007034
19783076
113285517
83501424
22873369
59869088
88964028
112040990
24328552
47350086
4801359
27158452
121461774
58980303
29322699
14509730
27549240
1852586
13107653
125099337
87094187
96423403
17686138
108660701
96868886
2618708
63646601
92748540
8375482
94682565
21067076
63863014
95431095
118150271
42376792
96199363
117256085
23052864
10274871
12142785
69178296
52780110
25455120
7949071
121245339
95119044
60214249
55430004
120947576
15532367
107027887
130008424
43192779
95368578
92171392
122156394
127396160
104123115
46586647
48096015
91729268
93416942
90600181
98495592
36967491
80473452
77729609
50708515
113572895
21973642
20418619
8655013
23536105
117897526
38972580
57495000
114774683
38778389
7725229
69231076
90009978
43031152
43043869
56487120
54034323
87834023
18410484
10780392
125362147
16434693
109320383
44481488
22601426
11891073
21087806
104215066
134127912
12641014
89797800
19034590
32115050
126668693
12904496
81202921
40671166
82882849
118385895
131704462
125988465
37070346
27150543
22968048
52598773
501636
20042319
55557248
59134440
67117313
109077415
131822516
7544690
8121738
14198544
81652948
49348506
5473023
108156294
124523796
121775125
74988795
109339916
40041458
94869094
100497400
44735434
127106856
95389091
99997467
71423759
42663294
88117787
109110878
106306211
73784989
88850623
65784649
37586192
3682399
35147206
7955277
42484884
30714046
26205339
113463664
16262071
32100621
46943274
105687440
71672948
28929319
26376015
40993452
105979608
11148862
59281657
105953637
112701455
8605472
53737201
81290307
60904706
92546515
118559252
56911339
133739756
118311437
117905448
20857771
23448200
98764598
24073779
95142717
51069682
69092892
100473092
105655897
44839369
56126911
50101433
133175970
117102293
71640488
128724599
111207917
59743185
54918561
90885894
122370821
94375399
39805020
53165299
11206238
93309455
61079619
128924431
73590676
7432703
85289477
75783242
59139257
112701883
62276314
58753491
123471392
100407320
44871035
122043222
86839684
86214239
19347399
105753306
8299006
105119736
37936835
15995131
32476580
53712704
2720579
1592924
93965401
122318106
109627016
45015879
120994113
15307609
31164054
115077473
72324788
71063379
102909092
76802803
121712641
85495433
63118446
40570139
105287769
116005604
3241934
132896293
3673852
55975642
91345928
12468028
116610468
1404609
20525368
71705663
64256472
29420730
88580884
30463698
104394243
6333573
50452141
17308189
68806754
10837651
87548551
23790488
88742962
71852748
8231223
126155939
62117500
130854724
120284880
58938922
43722404
122815809
100988440
67069645
34928457
42698692
49461617
13076560
133033656
46950534
104243187
104446271
118331592
84387699
34233689
38295146
85086945
91553681
120550522
29328650
126686545
58585404
42001595
100242825
125854131
86164172
21083414
42716456
127347263
121344754
113760248
23119207
25807000
40407848
97281615
112647647
81374557
68946352
93734706
18724728
100491259
9480941
20691094
77672097
71834936
99769883
124548884
125274873
127935542
121955948
63631498
129352318
89961342
124962429
131138865
87007815
1690273
7593552
52805570
8594089
34588815
59028781
27956840
43566649
118942942
93005857
36337144
116251191
95540748
64690792
125963358
107612166
78257289
76862733
23979158
21798868
31885789
53592140
26873583
76478166
85837408
20419663
15261165
21572774
83710329
124156139
107027874
53515884
112072641
60671310
96900066
133206225
109449929
18379384
35021292
15381547
70412294
76345360
114773173
100673963
57024727
81576057
18454673
101651786
956398
98701796
108280132
76025929
95397391
75627817
108597931
41158422
58571732
50472067
68798792
107341482
9932277
92341404
79819233
38893304
98821568
115049284
29354023
78094401
73924014
15111114
37090477
69025309
16258694
85364622
82149799
90917470
110086746
65654233
54766711
27471039
3723193
23578720
38467583
1672988
130602482
39145926
75636573
68993198
115477112
54140655
88656735
63579019
74337561
73651523
4923210
62191739
101398377
51190872
40590806
49618255
72815277
22222789
119172487
106539334
77314909
11258709
113125873
58819194
58198653
106201023
128376147
104287183
11579861
37537225
113684061
19929452
13080412
123083052
81857232
103497632
4185436
30453282
54788312
118042967
112039147
119136566
302470
39194731
91535535
60629072
93361857
73974980
27144378
12890676
70657292
59517280
117136355
98359085
45761385
16168846
37102077
111615722
126326120
116793350
65612028
42401451
99430097
126938913
63597731
37974781
107592435
823478
9691171
111821863
85248207
54464812
80431474
90931420
110263392
81362338
