1319344
66910477
97115041
108758540
132440780
34946925
108674032
77024396
17010567
71411898
114125832
108315531
84891788
111826963
24961793
43283358
34176422
22495656
90501222
73912384
24003180
48043393
30562950
113885572
51552933
123107665
14493430
119208159
110795285
27703388
109687639
79766903
20345200
22452672
128684331
9603074
51581004
99518678
47198218
131827335
41565006
102011590
66111307
58383107
29365961
24069272
107618202
111901702
16611430
73159045
85009371
49489281
122474565
125037692
128614691
68004234
54510030
56017936
18991219
93447810
26323104
42060225
22947776
50470985
69596040
22580073
4897736
96198465
82368803
106633011
12743536
127579178
63429173
122796000
17554220
120704463
14668414
54369447
120556577
22860801
126002954
116466599
40940403
60105339
74704137
7047997
75116171
131474292
70657984
64236937
49886889
105732167
105361017
62208749
79818223
7650810
101009169
46051326
53891612
119301967
59123703
8248801
125327516
112813830
108171417
105285663
80840209
93354176
88628711
73529093
29187822
105807511
10386740
61184389
106395410
88291878
89434755
132707381
12702153
83737800
128800338
59559225
126108495
30462595
24107883
115801561
90593058
114206503
92581978
49760335
122593681
34189698
115246136
97712063
18949817
17183748
120147608
26291
92752035
110684141
81293648
25554190
103284257
11004607
127197683
124227721
9028210
12799213
37571825
32720896
58929874
125885434
5501608
9839194
67511709
26259070
129294502
111186884
129782179
106368122
50965559
100511095
22302136
60165773
25309778
79574359
116632455
2940783
2530287
16855368
119023759
121487552
95423808
38552069
44865429
20838356
93444494
14797058
11894066
47810490
83300475
97802940
129896401
127734466
127605735
121704102
118131959
45168079
77634967
111157180
7538468
17696887
104846886
105223497
90777657
97426221
67285379
47384536
39369270
84347477
116368902
53873696
32610741
69928773
29382934
23424564
113326342
61801388
74620834
117809197
7449254
114070302
5375326
133823363
19976121
21884881
85204930
103963593
40122534
6170013
3886170
110755694
36438632
109118535
16142167
14565818
45978821
72187532
78327970
53473689
57932266
89552672
88844593
28943448
18003366
69518412
2607578
54669429
53849305
32853058
66922322
53536560
37165982
81086162
12891333
35429992
53010700
106338790
108268845
89920621
13592965
70552235
56584604
90406782
75984806
2073794
126842789
37327757
9750760
43210809
102950140
17685439
108534757
48057723
9086808
91351773
29769925
117036502
17914433
47304609
60704058
50103426
17762349
33394237
46951797
73672048
36837839
40743837
960897
51667201
81928183
94795515
102832116
66030500
62871572
105199793
115791398
127379001
64494897
98845383
79504570
44319291
81149006
1752386
113061190
52670356
113318813
67377715
75796727
8733859
131860394
18006391
47816184
16028748
117191455
97076139
133132910
104211647
16968474
81359751
106829002
25391218
3360425
78381159
55731670
61857641
12242284
3379910
92214439
50297012
39849050
78500631
98836586
52175402
89722502
14085501
24253194
13641517
83626315
18142546
132379353
87749246
57784007
3104463
39388192
46080729
99000138
54312611
66257898
8789919
86812877
16855657
92567185
38170212
46583515
48145569
64432750
23812961
56152213
118018534
103846093
93007426
11312644
71306463
61249098
51216164
93787534
101776269
7109110
9878042
46939920
31466735
10791035
112439132
129547050
86332426
23711943
113951665
96545199
102449696
21119414
40363686
134084321
72981271
17878598
106469020
26213177
124485450
92908472
98859982
51201782
96715384
125021272
52014300
98782989
53609197
112090379
67502631
82311195
85440542
109619848
75860639
33119351
49849931
82697423
46922843
95093346
86497653
93231705
41270718
116604631
117251563
54655146
5440076
54192269
44725171
118250727
69116532
120725904
73230719
78031802
93652715
97455111
36733910
9482000
29875710
94076725
80632552
65754306
43099046
95513402
88127615
34576319
112027380
128879230
111140484
93356863
65938244
5366226
46777682
104333982
58752946
54605503
98511672
86339157
107574996
1682644
130407865
113510017
56683085
15042718
76622724
81677174
99597453
132482742
37798810
83348211
24358158
121217028
1086417
124808857
707274
50788632
88881984
133369950
342330
24022880
4719462
133662639
133555658
21804504
7489056
2716219
99787778
94597894
111661722
132825494
35911152
110393495
111308034
55546888
91889629
60659442
89583187
65262602
50604462
69536084
119808502
64143818
20270897
119991229
33274829
37293210
55877992
92907193
8862686
67310177
18037391
89006812
37125378
19230561
23991097
78144397
116960356
11204711
118176590
21298645
13691326
28831165
16035562
73540384
81458370
106361453
25465369
133037691
119055197
117653607
1990824
102355973
37556429
65973632
32826999
88042926
57252471
88237530
14587123
6310155
25978069
15298868
85994347
60617966
54385841
68215140
92694693
118770117
27130364
94879949
28363108
24421104
75938280
22940421
41642485
42325159
6254430
120077308
114378016
56270762
76560342
45924402
98445944
122646547
102728933
92848155
22521251
97269940
38354184
4196775
47943695
127546841
74458134
81112944
29435265
113226131
68941794
75373222
17128702
111857245
9614839
26253633
92115862
38378652
50873902
101570369
59883657
62104870
15833619
10785564
57737890
26667282
58112200
89728219
106419582
106976849
15565480
82481344
77317720
68811441
81990788
103952755
36064818
27414009
19909531
8241693
2044751
43579522
114389858
138601
115462714
71346987
102171814
20171927
51244315
77614110
107813580
65652480
60686914
90478750
44990144
61511059
12145792
117759346
113844449
60784709
10766254
41331414
26152849
78231570
120770415
41107823
69661305
84065580
42329496
82855342
34377894
38049946
133719404
110910994
90626396
1908349
124711448
14604744
67700726
12658170
55348594
118894231
12023887
59571039
111714235
67302567
63099369
115246525
108036168
18459710
8147048
23103998
104573946
123084491
78181766
17389935
69577216
24723687
93244717
16121424
7290811
50541026
15848988
14291329
111174574
117560849
51059524
82330887
76565023
7289614
33793230
17564922
130308319
79586777
87697226
5788347
104485636
127077777
118813198
35484416
63659332
117265272
46304941
73185919
31916729
124474738
61545764
123447553
4182743
131619943
100630564
30821086
70718465
116649631
33994163
63683015
44713429
26368775
110491693
80522581
42737576
47939811
99218242
10413570
66103489
78953613
49640638
127673984
74297356
24382584
116177925
63937122
86204261
72519543
54943954
59957811
117924603
80483428
130637660
66076406
8840811
78600432
134006212
58064486
72513943
48703285
30060780
20221825
121218207
87542834
130441444
92691764
80215289
69749911
49065950
110999193
84121806
59476034
52046397
3021934
55537032
39089770
21613914
58308198
24235322
126556809
121245014
80402084
23666210
4586778
111144089
107867102
8949253
31724358
18353434
82001605
34072080
119160134
87768790
66519332
91277548
6863448
103855952
38067789
34490326
91540609
126835421
88915000
129388811
57128752
110789590
109654197
119521633
53750381
22106680
49103068
16030685
103120544
44746302
1432798
98742717
86481837
42809820
91574041
75237943
36588621
8367540
52850516
43428821
3380385
45681033
2185024
67517790
27912553
20678222
18209141
35549094
546067
64542042
128534750
12897020
13509076
82611057
53832813
133606093
46028962
19067166
72067488
13502011
65425655
77027823
62171943
15380673
125936024
59927959
108276491
22941108
8456421
25193320
1573837
90046889
7871681
37565478
37524234
13883989
107755270
23158327
14810418
4183223
87693686
46231331
18642272
41350424
89734
4501046
71597445
13602727
73365651
18659291
119541635
37037261
129358104
128498994
20503406
79198251
72422812
79185489
38078523
74899672
6621005
13750410
37255424
102250283
76703315
96379217
116698822
80172852
39653185
78255180
42663024
52377413
133299970
47946626
83044671
124122569
127845284
55186135
45675876
13551088
42472023
34616625
38754228
119363030
13134154
29474213
127877244
10024168
59882761
1145152
81452215
50209325
121926377
27266464
23952397
52721782
27408942
72097070
102238396
21252179
9215386
17573247
31361481
90880168
63371102
29574205
61251434
74798893
71329006
9062439
102250888
34500188
51985145
88188128
126620880
76893954
92274001
128114229
110253575
7241732
108845694
103494312
63659253
25762118
33746997
66820098
121312521
52646304
45798200
55895936
133676872
65016055
75241566
38340997
53475456
116600987
94200050
20696098
121393787
64451706
96832097
59215993
111240980
93612437
7967752
24528144
104184579
94436588
130288354
104946000
44858768
30039420
36459388
94901411
66060098
126523555
23061540
20105715
120619005
110674156
94280219
37660617
123863096
40196812
32376487
14355766
129879289
128463654
14105973
14101218
66249384
71340600
6671618
55623201
70561312
131289873
41729222
8745104
94081077
55733351
58759351
40638239
133610824
100494408
73647492
79392124
109242325
63392036
67209375
130141047
25869043
49289095
22748317
55795604
78647484
29684172
78359633
50294724
93435082
122532907
124541347
83301304
28269477
45273211
26207625
498428
79505194
99697477
42888826
72325777
124859205
88670988
10218200
133266635
73079994
134199927
46023637
82159720
110168440
39933319
61941353
133843083
28180513
94512496
34353989
23997872
7328659
23954000
120969407
76486992
55977930
133702902
39049306
97467383
90457506
83718817
36475322
66149624
52984850
20405665
84571771
109730933
68477119
79950921
58947331
19474500
89103423
95706979
110973519
123863166
96331872
117463563
