108291027
74308726
25415118
123158079
59604858
8982983
23060170
105884026
64851220
21094311
11085454
27427823
43996957
46770451
125939229
99975692
70151689
92434840
100328861
37578428
27767709
87316361
71529559
14769895
60204484
105266258
38251111
127080578
111758608
52954725
73595393
10387040
68783741
12379028
108443732
8232907
19226000
63498828
2973006
96637223
127188442
86769309
35496074
5493083
57793640
31273111
41429325
115189995
39530621
7284746
33104875
6812667
125411661
125697694
125906045
23131802
90269009
119795084
58612204
51886359
113967139
68830024
120270340
13375033
38877098
98488021
29208812
131024080
131198756
93011653
53116279
26233631
106339205
42749670
32185953
76064635
115265638
101748994
15275570
102057739
11118647
114139977
19317273
11882587
67086133
130998609
74964101
35603840
68468143
39413145
29671590
132181367
52895033
119696985
98944752
12803587
104398476
133348912
117641621
129187478
11328274
19109931
94337788
57351520
80024318
59237337
29695943
86608597
69347970
67187650
102049942
113815638
54710620
29384496
41056045
12580612
11841676
66185890
29330287
57518989
64252760
40863258
122655629
49624372
28622831
113262750
53087751
95388331
89999618
125024898
128339418
36942441
53407477
101455099
74990538
36828204
112296117
36614039
9233347
74303702
107324344
1003770
126586069
117965007
119394546
8296157
33005817
93950690
42316147
15793723
116909963
67314947
112921861
76347253
8088849
34994079
114290887
102440332
24622485
113934969
101343836
118822089
112381004
84115208
6705632
1786077
30605641
67596234
132791752
83128973
44307904
122069238
9678610
122738322
106737687
98600262
20899727
121331025
6386867
116419709
8076014
67939396
23084499
3653464
65788335
45466567
80014688
28505499
130463586
78703287
5760164
22021688
84123645
65969253
8838765
27695472
57077801
71698813
33621935
2592509
86856094
40381035
102935818
103870795
68547746
129553437
116284649
78779097
70627144
2088277
103327970
3177148
106060363
131101714
68626297
98045723
58843075
20235666
113235300
94842867
96260558
94994654
3172736
59840024
10646001
117089800
42185553
111178373
29576984
58633416
47894755
28209708
130496050
112215261
89344611
115814894
56097861
24000114
21081075
22306736
126683353
33206803
37921870
123804862
129256676
114316761
130865425
56632568
27112685
29150152
60540817
36928838
77615270
118283955
124118730
112960504
25909186
13729948
117466110
104351800
14642735
19193346
62765197
102660785
72621716
53963820
82076317
41268411
29227770
25860026
104709028
103184547
128435653
115833196
85994481
35121761
73476625
88088439
118993133
66116171
9313124
53933082
54145144
17536003
12524530
57787893
123891863
80697713
69341388
114063104
12354499
74184519
52640317
34884196
24601375
19327899
124642992
102673727
102901169
85444086
64372091
116326020
109723181
106307969
71973993
64995098
118287510
37301860
75787744
12074977
113363182
29176948
15463708
67286713
41499393
87582793
73991051
112322413
78199890
107130453
7430932
78577705
118827782
100897195
110668113
75286522
113672220
49982204
131467180
98644363
132328388
125539546
44728433
120713126
66221497
94553280
20580105
19517308
90465403
65594448
12628658
43745371
124139707
124631653
35158044
68880683
36210201
85656093
16289725
49041800
41131871
21067818
127461441
62204168
91493777
114032231
68337476
76492884
97923922
21221645
132244062
8925660
88109963
27789853
69405623
61756963
17445047
99216373
15069700
14094740
111107358
115749387
89014850
133733431
48730708
111189693
96102352
61775412
103124575
4776140
25877923
70213414
125386623
7485779
24770148
8966699
124625919
70977570
25667376
96587915
118776953
14293796
46747450
72639362
90406631
123981462
101179870
112303126
115150795
131151839
52615232
87646244
69107122
131678632
32667345
440007
19872844
57996789
124292413
51546309
12170144
76732969
66856442
121942265
71736543
113584044
59134073
29422922
12392636
79928406
54891533
4020017
107454427
92053762
43122722
115259022
42462956
61360421
90002739
31430530
94396545
112314984
108676413
9907877
108454560
121676547
15795920
65158293
45270220
113007313
129820146
119774926
53071438
76042308
9933117
10385582
74445620
92474971
92463205
35754439
15299553
38955113
52010496
91616639
72024354
25367682
132762239
24562479
115797351
104888647
53816546
9467983
65516840
121071208
122495106
60730145
75246471
111168946
81833544
16059075
69109646
81890352
121232355
36317625
60271057
94182218
26403687
95588049
95047074
1110239
133615913
90020165
101031328
54340013
125522889
52310628
118146169
3543101
89729903
10322254
1557362
101116952
32101954
72830363
72334984
110099060
24664857
115057018
118342967
44984451
40670416
127288521
37948181
83152801
118192040
114281258
110022477
56915488
118861838
133538307
32925756
35626386
95227849
119253766
121794109
94294555
66265643
68399537
72812483
73678570
85322720
113376754
57381515
84144407
50452542
85670846
7322278
79012887
31896317
93341781
131668415
81856201
8241172
6640043
89588640
41400512
128203239
127994637
65388701
95708320
113206669
128505767
33006447
77416795
3939243
127983412
32371959
72001433
10875346
49906922
38990653
25522203
51521193
108552155
94940903
54956140
27810715
35037177
42714821
25444065
113675402
8077072
77068479
60393266
127946775
19394371
123957437
121844854
125466579
76937296
20176879
26160536
87512455
62651530
86977771
22603484
122346139
88206508
128801060
119121957
90033766
22067666
78123033
105847611
4130385
34492783
91763620
79985788
9771479
35520977
66797939
43251224
121160243
14403869
109671719
87326969
54712498
74640348
68701644
48531760
45436944
104957232
130717662
40960042
29643738
109723007
40720538
25512021
93709682
73925790
59927105
69523988
119918620
109420604
41854723
102939337
73458990
74213236
45036768
26092762
42968567
45165080
117630660
77155970
6457634
5326689
118195031
77340000
38384464
21014869
62774894
106153594
106051039
34959225
1951347
131895014
11086887
95009098
83898991
46399990
115428313
69133485
25808451
12047867
111309593
71868377
131361839
61425857
100890252
123462877
110429734
44414325
4389425
57937065
122364542
55931391
36618180
48441542
82214481
59488536
3138548
22228854
9996883
78197536
73111671
66248951
80462118
52355605
105271272
119069942
7263038
104619934
78266717
37791130
76377559
105151792
20851389
43348509
66422530
60617631
15503960
23506222
112353278
79727646
35258665
120206716
57003236
77991078
35874189
13659257
52907111
65246501
59788890
110272188
100094284
123774338
99753012
84397529
80491181
87770856
32597749
4451758
133086715
103983111
98575771
17996645
118558521
66882405
48322247
17243260
64651254
98069427
112738535
75684414
60716541
129735774
118984673
41294184
26092869
11452986
63874758
61866982
125144912
130929300
67812444
130104963
83621306
117029485
78447114
21734687
16138700
96045593
116541406
101701026
105969311
47610072
115827580
102684890
91776065
104106866
111499984
36459067
34102380
3623647
11894341
62492985
33610693
55192862
50739994
116837126
72562061
104335654
82687240
7723505
33460716
45971379
109629617
6110881
31590592
52356540
84882384
104257772
64968337
18566143
25747059
31141189
56509236
8110135
39258239
47758553
52213429
87840648
30140041
82537137
75184444
100154436
83334343
76129249
14813977
120273720
133357095
55565562
52858623
109102641
46855021
63647428
90771704
7218732
63789348
133808291
86320728
72041048
122774573
71520705
31048680
57129331
92925999
87097141
113166996
87898064
130518094
25313018
65830041
131822324
13966066
49159206
31129889
45171867
16880296
90048259
20069911
57493755
27181255
19751197
97242468
95476681
129110518
112729035
97161950
95813395
42688465
3828176
64667700
7941586
6186906
29308984
70925843
95215587
108270009
86840036
21702723
111532331
47014452
88412120
131820040
108649018
35814990
2310856
80383438
13195835
63943803
112787242
6399643
12516722
3842226
133100889
39088567
39256648
95395238
113390798
1083157
88911485
79380028
8803996
133711729
56584470
85981027
30736791
37507424
26676241
1810123
98313238
86148437
91520430
37180529
33358599
123525073
126217497
123141429
6860280
114476038
100524709
116207917
51174035
39615760
114737315
125846183
48672510
70818750
22105051
88763544
42205372
97164838
12593112
117711842
78657751
115073410
77361856
123650811
38547634
119125988
47765419
10313155
12628502
62854692
53455695
33591164
108863102
12054029
47643218
44106112
62534341
79812092
6207277
18126118
10988284
102208528
48569172
62493102
103563076
127069655
37467870
98836655
23520802
134000495
88258611
64901559
67788317
128264541
26013292
125452995
93645905
89283572
29016315
108348849
87564130
93968788
9505375
116399114
67752384
102420757
89250678
3359584
115350212
34026184
8637878
24031557
26591504
33468467
123774769
11909932
13230405
130897630
81180701
85634956
109390299
56566160
24615044
79736330
89737028
54688420
61646378
78138890
45094177
2754360
118675250
31952858
80044822
7441393
67816142
86052913
63161030
64037507
108553768
81588431
59869342
92724962
114322700
110177705
68798130
42517040
49275496
35471844
31291122
128856786
11271262
22491733
32487329
32919313
127346584
70940763
93579298
66718512
125779675
91520755
61681803
3962721
122935600
119889599
83738559
120015743
12635261
104818928
74293507
111535914
108846961
90665505
47968614
129872661
88649145
21543877
85083323
51850086
123289974
34015080
97790432
126975528
126191772
11266262
4582959
93490919
74100311
35950366
3895146
94569673
67847474
57560280
47896861
40835544
113357742
110271069
17960909
131362273
3638013
