73122549
2000612
121195796
39083120
16916015
57380897
60457297
86257790
34752222
60095491
80645032
4569458
101751988
97622293
19044175
75570009
94507737
70574494
76446793
29816665
36938335
89507982
60913319
105956776
73624562
109230050
133930550
84999685
36807386
45102698
87503794
42252813
67667031
47369792
30270496
58332093
115980568
113526379
82427063
26611514
4246829
77837792
30968815
74198091
69291629
56037540
134104328
33008168
71920382
57974100
21207191
38310536
80080443
60540000
100258780
15817839
32862851
5353601
15096039
44605915
42525651
47958491
47866373
75428411
43328329
12645226
91103186
31124003
31647327
32149073
51974838
69013632
86196409
15707798
67050623
25576816
23851418
50276086
87422847
31412004
33637206
109858076
129846697
97435626
69960655
127234692
70506493
23299962
100207202
120702278
44766450
75601365
94408522
97166576
56575008
17555114
34337590
75140425
98368808
41991234
111814902
90485040
50810074
126974687
74516375
104072067
90378948
11856359
98761704
81981582
10329638
14393899
60138523
58963372
20672123
55639
79985678
26968080
47214822
74532683
45035803
116920071
73377875
104907700
89270074
16090595
105718178
95588428
691283
119776364
81388225
68044034
65972503
110181087
73136012
101383696
92277334
80633813
113020445
125519378
58473694
49630257
31962290
5182400
126032370
113410041
129357435
129924407
127747087
130125561
74215380
827656
26678221
127377595
82978197
72917011
20252451
59760571
104402661
65968325
6014448
110827242
108553792
357158
132749107
24214533
62182684
74430589
76052323
127646000
52787133
79303000
58138743
64832360
97518802
75671999
14064483
120781250
99956200
4611325
32705110
10067770
49550696
17694463
125610677
112351588
26353483
112481482
109634955
27275568
11113601
130293095
34201370
19839859
49958666
1509051
9006200
15383620
10606236
122134653
30163545
65996661
89097870
101845787
18730581
127898746
127979799
18298865
91823782
26735852
17341055
71310402
92215231
55216742
17917245
30738276
75807372
4084399
101094374
9340964
42449482
61231773
52334476
22950595
107673033
112774805
90855754
106818241
68671129
89674942
12287746
423551
31763672
120698993
97405558
4376895
30587880
55629001
113631292
16277744
112459582
11632469
52575497
56095137
72095569
79421499
112292230
82271860
55325098
118832287
48818382
105434856
62129612
78618068
88996199
88323773
29137351
82688062
130498410
2304254
26064396
99937193
119988233
8543682
120169992
104816696
122364186
29752651
33212014
54102705
971938
13214210
92238020
52901305
42137763
48461075
61712785
85076623
25470319
105558361
30881863
130764082
40437976
80042137
16589650
117560702
16152681
79155516
112862209
44017470
124275733
91193226
93607968
78639000
16680461
18978542
100211415
133686522
33277743
26859240
113072096
124257864
59294319
92560726
58198067
131277355
93566913
65566537
44909986
51547146
87613440
86965872
40836544
27819346
126401383
62112859
79333367
7487350
12285988
64465416
4641134
71612041
45254404
15879402
84007080
69805591
57130074
35636843
133207706
36808187
84032704
30905765
98869179
65459416
65240763
27616685
102621386
132544872
125320472
1463127
49062499
77675972
58628270
83298915
88289545
4877979
41176077
100209926
27875267
118367532
106223682
25280060
103536052
15731854
110087143
129406813
107275796
122307826
103013834
87983599
119426360
69741106
54058390
119357689
83569694
11012441
21340849
7632403
69681833
54030724
16381120
16019289
94229249
121978735
32313941
42331550
40659532
18988050
127574317
9802100
14339612
127106221
52757344
58731214
129782698
75966231
118014352
113752847
19420470
70036190
54420792
106996763
58678214
32064675
57690849
53223968
63625824
103318238
121620909
55210117
5000534
19275072
16768829
82214114
70551654
89906283
9081375
42369465
52750850
127430888
11723495
28569123
22734980
51362181
86053832
48259694
79230706
100084505
105620328
67370362
66457334
24235853
58014372
25667708
96451207
106380164
116092967
11248510
56937892
61631976
20322082
46554473
60549405
44761934
119725004
45946555
1895872
109000276
56483559
79840026
10275925
114245906
132831849
10723440
54116526
20139879
90622589
35546492
52499104
132435846
12152698
4486088
33516312
65659391
52127275
14680044
22133373
36814039
87552474
23609752
17050120
99362640
112639290
101222574
102017725
19133106
114912016
85316872
30332827
88807879
88612373
45777242
113859005
12350149
30012570
133212122
101710469
19723352
108951750
83995830
25415393
57667499
106958654
19512592
21315135
118894022
57360521
72358877
66135882
91553452
65233001
95226625
133141057
72546657
8053429
35216190
119459014
132995930
30575590
88195286
4688430
8943026
108625852
22701216
16066756
44975763
112170133
90841090
64450806
29911366
78446662
18023853
129199801
41394189
39515581
20800864
60742584
47979691
123452137
75085485
103538332
123495887
27184502
39212782
48770136
23013316
71495327
91328645
62662506
87801187
105219819
40736260
41550522
104118614
47173670
49878694
5165526
48429399
73982295
132385425
15934132
42309248
29890671
90542755
5148292
31817965
87980590
89093970
108537782
642850
110071188
115549137
10303243
96319663
89776598
96050736
62830094
105712328
96685955
129545340
2720694
86203424
86855546
508908
118057891
95498563
131784814
20395216
19826824
23147051
128778710
15194783
114774719
118380448
127691053
49264963
102367386
101363052
125295375
49250376
21550611
73615454
45914527
45113626
54887708
32234636
63004397
67573819
98277446
103758118
127613341
50593678
122763771
133796698
1202705
101424994
4243867
108471558
95417124
80006496
16259673
50792940
45401788
68966694
97044122
77141020
69371632
18624461
70090349
53471930
116887503
133710550
106766034
121257591
26057072
1850906
8182865
23365549
132050609
120080385
28573061
50255316
20663872
123368536
112877606
65019301
23381717
30735561
113885781
23009952
133890506
261928
50909762
3963157
21965356
83524041
61327155
12811641
28915696
102710932
21232436
102316269
61301647
41191767
50758923
47008117
126029743
75024262
21500817
130865870
26689700
127717097
46807620
54850672
131665272
81649905
110146293
27010160
41187107
38359854
102070685
97295065
25562
31901335
42789763
110423664
70795750
87461273
79555621
100368636
94988979
36290869
98651708
89549237
81341786
101446729
21679732
41104510
18079294
80140663
18111551
88453160
92538121
1837844
80104236
44117128
131577395
132461502
116003397
105893888
8426110
101199146
39290333
117142582
104934704
49369989
7675528
33464461
40385242
48774063
34121454
97958112
57826968
128360695
106535058
13947568
109707141
25150203
2157360
83464774
118074092
114594839
68261106
93063118
72528734
70463642
26022415
38090230
68839566
23887605
50260427
50594896
63330901
42775738
76213544
34355128
91248214
117435112
94496457
28147379
87178634
8591388
16366025
130707081
95889454
45541510
61498999
16052801
21832719
43726129
115023026
91392243
6415324
33970174
123604545
133863044
43548550
129104332
16176478
69992596
63034642
104602202
112713383
55919744
123918211
93642845
35488412
49387152
3965077
54624482
70456366
116446032
84636989
46139064
117967473
21119547
5412144
109401156
108095435
110978648
23941950
75718501
69992217
15330365
98920958
37259684
67464961
106509672
83941378
11784658
94578926
93973644
628055
100497335
33965635
83242608
38099833
38102919
17844168
119137504
127518543
113239602
114059997
120114561
17935522
83183040
84543591
104835958
21133407
48130576
113217608
82240010
81462173
88272943
109057158
433478
100339266
68804349
80781178
61155230
36356712
15073993
47041895
101025902
116158024
70256211
92495938
81223265
127393746
83655141
68761878
126460548
44727797
23282437
37675804
107159803
15220930
36818389
67737622
9068364
95429139
86457009
97542237
54604936
125070671
52197620
783116
40605202
112009259
20246545
38303449
46078838
2723154
36477603
76014531
109370499
121910135
124295372
25476764
65073577
13229810
63734540
75844559
54801646
39902100
54731921
34899196
33718872
6771175
109182460
27548884
74573508
45966498
42151706
48800913
26868149
101501081
45384081
125431333
70626888
61451137
126837597
33678912
106038545
24527272
31728296
123173821
119999352
54421496
97138037
68963524
52067966
104722963
4326226
39644461
50858549
4766962
80311485
132362039
72452066
37724267
67366902
35832463
106941118
104648103
27026190
12221387
108240909
67527670
122889028
86712480
76336983
33751303
68492259
82061359
10754973
11648680
110286613
101934499
15818477
120455934
19180488
112669698
14151068
115222624
56129511
48248933
44725110
49720926
6891525
40990385
17990359
14192570
118245075
12192169
102991017
18204041
100419097
54216125
58015253
33003545
83412148
51350384
25476406
32806055
121828087
66214597
107246709
56368331
30532582
129226801
3931784
57258748
115859427
31512651
91202112
18045039
45191315
72005505
97750616
105309436
88219489
3285613
7178748
51580434
6901294
19588591
123719685
20444539
116854105
65638404
67252514
52425092
53543176
50619260
6515934
82741536
66441008
75078544
129592060
58055344
4418752
110153675
28155750
66867665
42535880
124186393
69030286
42570068
29580703
97460885
122559586
10351143
107774781
86874689
69005148
46852487
133037432
3410159
11013604
37829719
28770564
5676214
40135069
1089829
104632969
103155877
44948950
115034065
25757350
77143389
117636206
76299
1067954
118711034
11269651
49246239
85309024
30791764
86428592
107848426
23504523
129404901
66957315
31694824
63179328
15031728
26324332
123662716
91213891
32172729
133372154
111922575
8132842
