84804173
26710382
6031206
116558663
78888764
28849592
51784723
113238025
83038589
88765609
81676837
61907023
44575394
92763338
7183839
123514794
100831515
9942055
67667321
1714976
125433513
1071237
131320021
20062158
58748361
89493874
118617112
108120062
28810862
15699074
1258606
67064415
128495870
11325345
81186587
104303148
4783499
104896217
132551087
117365687
26871280
130676822
122473237
982465
13878698
28464370
84986778
28654217
48068934
40977985
92351483
106964208
132554006
63329020
16635303
34223266
45562169
95794985
117909350
36520515
30341866
14740896
72789602
41031154
55672077
88674455
86385362
32760843
124772916
5929763
62126763
31953676
1405966
42216634
89916303
51608545
34847127
80295114
74243814
40478909
186621
36904084
100499458
71845698
39083291
10776239
56167461
52579528
5371053
132428490
88974991
6407708
21689271
68623514
87570026
13276386
126362561
32433325
120848426
53662733
75973932
64235942
131838230
73115005
127568962
112410882
133983769
36528108
13153055
96394117
64843977
55609344
94632897
4272728
123337089
50998380
22654935
13205701
120714334
30400800
73367423
3798632
36848228
126980803
12940619
43301182
54707554
84416250
55987950
84593770
40475404
84203444
72855786
123390809
49633522
58187350
45789402
129946666
9086142
53017879
131332042
99768775
44528859
54618024
100045822
78496127
11653975
97294547
34336615
44781579
60781369
51647156
19875613
19091498
116180982
19729977
22719511
134179217
98051158
49253643
38250477
25517161
79830343
122604450
70979433
37465727
4974194
86908881
128106639
84650908
48893377
57637644
100772658
76120745
20203379
119950180
34633596
30051852
80744346
94307563
100927631
77417919
14598784
2452972
438050
132160137
51550948
48004160
19439432
23718332
27837127
72558588
133012515
65218714
91089728
77806674
26859471
60440478
128292379
48538588
12730554
63953985
79066141
48698887
68893886
35179634
38720879
88641119
73473494
80898794
109955517
97950589
129785960
23689362
84569284
47499940
64269460
78944450
101102670
88247782
49795553
21547933
17843289
89660737
64102508
38498983
61132979
49260476
110457130
3780277
101871188
86612029
46034903
11144904
58783235
44036857
43666868
6974629
122456122
49948355
47586788
58136925
5100775
52117714
6237632
121732623
20556019
64868692
105965761
101441853
79965027
2667593
78107157
27185475
36973396
122250176
35841087
92516852
75097125
45579900
55777790
15780708
67470540
61751680
42748864
97399212
10551244
47421398
77922573
59431832
19412745
1541477
12446757
130414152
84814500
72083526
65660091
95769873
131403086
125687937
67417880
87186703
92334297
9002169
91077903
42389512
8676780
106049043
57991547
26698119
40516964
98303275
79317939
32859924
29246845
84491237
71818125
38775789
75683870
53998000
11236186
43345678
115856157
134065351
121786055
102359900
26500425
19550555
32844391
21537531
51407207
90781418
54909348
12175739
99250465
19477345
118289632
6991680
64304990
90352910
100870555
106330873
120499301
14984507
69871810
21921929
108140232
26549055
30761741
108471094
59295930
124585477
15923251
5266991
10833481
26885086
104617933
42704518
131250682
107812542
120509482
65217701
67502743
57075883
5833841
102888186
61086710
77251718
42604071
86464274
76834483
32621594
97293079
95678671
36339101
4069167
96636437
106908880
107356960
65739564
42246083
133491864
838961
34419097
32888871
2257146
109350346
38002210
79381310
3714425
131381220
27433516
77657253
86506265
65682947
67600595
133032115
33854405
107610805
51369953
14721503
13974935
95343200
129340507
16470209
118784736
116419808
45240942
69266190
98084112
35848406
42115134
57205034
63991525
101983645
83548230
76881981
6374869
36904426
127387241
47632408
31485366
78607662
66372292
29074182
106731644
6001577
70195598
43031684
31363820
66692466
38108718
109549074
71555677
43442025
70459258
130339646
128788592
112830961
95902616
58876476
34103414
133864795
50200092
132153123
98455556
69304471
42527985
82721666
12384353
120232318
117831529
98563200
5058645
47503576
38031382
60320773
66946641
7888091
67701892
13342472
2205509
45518142
99909117
131081998
10318324
130007705
118551889
92821566
67869757
943262
16334307
13615153
103359881
21561879
2421635
110607612
29275889
93576374
41664872
112672085
82191488
65921382
115411245
18506855
29685900
19179177
118008905
26018901
35189134
42353383
74374053
1239811
36415360
92816049
80227094
17193026
111161954
62293095
38641317
41162404
126524704
131361332
110693627
88593561
86049011
1733491
108895585
37383879
101034925
110034635
107234752
92498732
70182738
105711420
122426927
90614947
98285273
74014932
59458788
79333482
4077308
94223549
100379135
116896075
70920959
46926057
43634518
112384699
40115156
99686886
99653664
15171352
123894483
15957913
74291511
95665477
31593199
3955864
3330288
28712258
73005396
22668403
7651552
112177354
92868936
53495912
110595973
64299006
11559558
19208676
27444146
102050427
60884023
67706333
2457053
30542917
31563630
52477078
95928589
11109308
82001187
105838568
12355199
99602628
38633413
66064144
5340868
125925400
130236569
86262971
12239851
95320892
53516433
108409948
8821866
1414470
114115221
61137055
60378178
108972656
103649320
129048741
86660687
43086931
14848168
132573451
126490324
55734261
6694503
44805888
54272327
26664530
84078977
36159263
37289099
2813260
20481373
127211601
131525853
97077330
82402715
70113288
119855940
121912827
66147914
60220500
129595856
120108650
102117711
75646828
49247058
23291183
105452395
110496598
52831657
32700945
28623099
61182719
92557880
5504112
125180724
10269741
119383535
107154143
52760636
45220767
101072592
121460578
25677250
35101069
24769476
115457371
66048568
105124975
95186565
40847407
20687428
49030052
113226462
17450102
34282780
104800809
13858498
11112125
109885555
5884087
65842642
113177250
2997214
71029444
18499603
129296072
10826227
59845818
96505414
95493541
118267838
43019897
35752993
34794289
37862006
5833906
18888650
96517340
61331436
28383595
21289600
76942691
31145451
37193692
107283259
9992297
103823598
47702528
105085654
95947795
55634697
47258494
71695639
113892693
21147751
122284357
117542434
23733863
313241
115977134
72114699
36959404
99756866
33915567
72041707
117236251
77709363
130370625
107133023
46809474
45374452
19983374
42603446
33327432
106380587
131786775
63830718
105947127
39451370
10793207
103087386
40186069
53357818
59018160
8280890
94846412
120982462
52819335
13027906
28300445
108830789
95614869
90641258
123804932
12200718
120008946
109865339
80678175
61256829
79428713
58260967
1922331
93137067
105056724
97313700
9614745
92208509
36791128
91758686
38184650
11125553
35316484
87755115
36267901
96059928
84805924
107882959
18220858
60684886
75439937
70796160
64796630
64963554
5025800
98252301
60187390
36025467
116637371
133261657
49815480
77659260
115542302
130408236
98883422
129508394
121425335
4714380
30888
65233721
84654055
116843958
126332835
61264170
112533641
96825191
118172731
33012390
120072637
65752440
43922532
129951001
48184780
72060993
45351540
76200602
42609642
16708560
30540240
66453104
37050746
16174021
26899530
54887700
49702282
51633632
74144304
46506510
74744874
117643832
80468510
73413211
44648418
37087802
7174086
64909014
34916942
39561664
33645426
72637995
3754080
71730267
21114962
43305176
22954967
62471121
78999058
118933731
89998648
123447381
13429977
101813854
9491377
98738379
90995475
51205892
84519568
19357027
120205395
64105818
101298979
91751413
935915
127385861
783161
2389640
53937047
31525158
98451077
36624088
116768731
44155463
43628230
41161053
17613291
30676412
107564779
113599849
122835836
16761872
62819159
76537053
108416445
66234346
2514589
20241461
97986927
95494254
113144619
130043424
119882347
117576464
118271072
105080591
75727616
89266120
119405551
17038987
56012839
87282058
94121037
42961046
1549692
3830995
5320634
15800002
99723704
4083753
97630975
63098859
10164642
128639594
38247136
110202802
51517011
1656754
122227338
110585868
72514176
1845870
100758516
9529908
131935870
770549
36195268
130626598
90172094
91529764
38184791
117061414
129248889
11053341
5224852
102575978
119371072
29916830
104452980
10419559
67194751
110571361
70010465
102755016
44924369
127967509
39285242
20094619
30579694
112817121
35237490
109959567
100515837
125372009
55003971
124721374
111991763
92884958
79946697
96545082
43259607
50230896
76488803
6563968
123512441
18465935
64916570
91164507
27859521
30245606
105988926
70833321
51046795
89799768
96055848
14194514
124831161
14337914
121039305
128281586
15851307
46356058
28748017
50890456
12788697
92045579
113891372
5159718
28671423
79636343
86313772
86967037
134212937
19921035
14241965
102899506
89388964
31135894
52485147
1430251
127871117
65862996
27675843
1795139
51464948
77713950
18328526
44137504
4375348
50106722
5328455
91391165
83503764
81309725
86439717
13214093
98117156
61916815
9749126
5444265
6264632
12114944
106867861
93750978
64098828
93412409
17303837
36923376
68403066
47757667
106388580
5470586
122093634
89150185
87716764
111145380
1716041
124092940
96814643
132442973
33204053
42878916
53620406
132322032
97073857
11770681
15336568
23353629
122431284
88717956
104650600
73494912
102859541
119215598
117065429
113997003
25931299
93185751
62298078
43138404
22479538
36913248
39473378
55225416
37110247
117475529
33074282
13021940
113063001
57152220
53325990
87891210
128435438
125120581
101405780
120782948
67268537
124451785
87708518
99413906
