16270701
94297442
107040751
125752296
39686087
49637622
29392321
44000705
27343124
28730603
82069573
118406047
20998232
449050
123068556
76075789
17092044
22485632
11325205
74224692
131105432
116158068
69552357
101890977
84545423
21897704
21767947
102359518
27691465
80933175
86235116
61706552
28814244
2176598
22786433
121129177
109626651
25278753
123631393
4868090
126033347
100877804
72579210
39021191
18335059
70301717
70754094
27634293
15577007
16993238
87475420
87175770
108463625
94120944
100691622
83704421
116927481
70881681
54124383
64938319
114018921
50761475
37096107
124892543
99884165
76876081
7834175
36696109
96183067
103286974
102579161
85943318
122086711
113986094
67755803
94586802
12678696
32463706
110364791
37525071
28574028
8336725
88193086
56315762
88488285
52540422
15183910
54710641
73686007
66316457
60479340
89763596
104626547
94732300
51957897
23458797
98838425
43698679
791044
14264560
107185293
13085139
106490558
66186962
14624640
115717502
24545420
114210373
121911043
3282011
43754892
3806975
117459765
13596133
63471392
46806892
42389521
93184842
17540732
2966532
24469474
32441386
19705541
39195406
43806504
104203582
70899072
119102142
49105192
101682081
119878347
126017767
75602964
1491619
83227424
46137883
17064606
98083001
23785451
109572092
120335378
54540077
121526751
22530807
8972168
3269239
57010175
35354443
131424131
47382438
81416277
44599318
11173482
120900395
52982124
22545256
105198372
87297812
3405019
80123317
20304230
129551535
91290237
133686383
63023636
23891824
35675038
115143878
104071764
17497472
23848780
21195089
28239319
120973460
104220729
65368820
2005675
96383545
105713749
99972248
115409256
113080929
118966862
112107849
44381554
79336397
21582319
83935286
129813107
60224804
17551797
110884001
86500385
15989546
133493033
17331277
72662125
87835171
36390574
52192411
20865673
116418202
124551120
80742539
124904745
6280935
25519983
111358114
25102947
61963131
109989956
56212049
32718905
64294703
9057002
27860262
75859706
24037799
18231274
53557329
97043936
50809450
8629689
91772504
133071313
127724221
101067612
87998831
70763828
80920784
123073421
21183983
110539738
55748195
23106077
71126449
53319576
39911346
122449820
51139169
5960963
88809485
116925503
109575764
48822238
40839562
106327780
12387600
2706825
98613957
49882643
36558350
13554628
27766519
16346339
64530434
70861081
102860571
83826981
79366280
81513982
33418636
123317041
9948530
80573609
26196240
31075927
100583126
87195806
127051718
30123317
19197053
31637002
88381240
76082503
66444261
29800069
43412944
113999500
67276277
105392910
55936686
66013259
71984675
81191080
16165091
62221055
120189306
26419480
111501927
120777327
124962169
67485234
6007334
103570805
93893375
107911952
75100640
40594898
2425923
3788867
118250184
90818157
104789006
126079228
93633104
1998376
18302366
50651649
5999328
110604192
28528394
101222513
57632810
129365199
115943874
68105099
14302150
122762177
75556094
77224406
123548685
44188704
28289228
18076350
130736463
77747127
31171367
11219474
127629720
61771253
33852021
53656864
46633272
53327590
86078194
120852983
13855694
48655516
122239706
128748540
126177294
37744589
103892196
124006993
49068516
95861303
57470879
74789136
101246172
14736152
104065055
35305034
28820772
99161055
84773099
41867601
37283981
31976214
8640702
15887648
8764398
74798046
117518069
99413426
27608658
46483175
6434319
46053742
85234336
112519339
127004705
7674021
132488685
117139807
88532842
50221001
112211409
109914834
21280906
45489198
23901133
121478321
69724809
100238608
108931563
18974021
100868431
22004975
116830646
52497473
89798989
54291454
89129698
92975924
10618493
83679659
44954313
60043070
115324725
6885466
3181916
27672165
101984326
7707180
3548657
55570144
90744075
59681890
107884890
75709721
47220248
32289075
92473275
86389497
69529555
45536929
71932323
26468992
128595534
9715212
91698315
12751128
17240553
10950989
128087810
105155129
41097135
8663275
116756905
126486898
123924630
70393289
9101365
90429441
7418768
115147477
13910182
6740118
123480051
43603503
100485418
123268715
4181193
48465675
30182463
79353698
10860799
14656934
53040273
33859742
118040752
35974156
67058464
52263729
52501860
113355703
15110343
36323179
49839303
64637242
103230870
106085921
19865519
69367274
114492389
75022583
47971188
7346513
96453525
116083910
67344006
97431701
53374655
65223601
131484273
112990523
48773820
54695343
101890248
113262560
16622743
43410671
111399092
25902568
12427141
105868609
106418317
75520140
50125855
110563201
45734387
33351782
4789928
22035523
45306576
84549277
106331662
2274855
64145926
109308001
82973192
51516706
26725277
7704977
125264425
61943973
117473475
12497450
133393196
32630713
44575230
124106608
18977265
41984477
127733801
38156012
104398536
111518464
93175637
20764006
114337811
93634681
127162180
103757643
8603469
13628563
19725673
57801927
1378377
88128533
104612224
6513961
25225541
53042986
11217253
22206684
116611372
47359467
93550606
64253448
115367816
107993435
123162029
93503477
26123706
55363125
48292753
16207283
108379047
72364976
67427005
44391661
64561269
60906954
50889920
32992427
15795655
22530917
40800607
132742016
97256573
30113151
114881736
13786661
11633819
20221158
113620743
55610291
102263301
10816657
57296674
123264633
93942182
53531143
48510996
65405914
47500522
105614384
43097578
131506290
53183369
86454886
74657952
48864798
101050282
61125940
102981681
85035149
97341940
98733940
18238979
111688437
116042459
2473380
116451912
34914340
8175203
22308241
129968023
8592620
90075381
71090443
71010513
70400600
34987049
132865237
113926730
46495541
97000968
73718736
86817943
107090759
124676188
72931443
75823708
3818334
90422650
80362076
110400300
39140087
10766362
56965380
55568010
43719564
130507680
108118404
2537501
72329409
131545117
64680905
73989403
39586289
73601327
130834158
27604860
37783936
45163423
55748216
102791219
56288162
118207613
22445264
66244337
102480014
99413471
54134528
39578795
19624437
38111041
25779096
107922172
97043794
56425503
64644181
36917541
119940288
23467909
33300362
15487528
103136415
99462439
65317752
83553827
24657514
123350333
7487049
76804737
97367766
124334323
26606357
67335988
95626807
126474828
2766500
111787628
107428160
692835
81646462
114256760
123623694
26047110
62158343
68573436
56134521
15311196
47356190
84067760
76379601
76850832
97011946
95404271
95471831
113410417
80247897
2633198
44543998
45983014
115952609
8174011
18940202
2343938
90469984
52710724
21511383
2069232
57689130
106355959
127152388
91138524
15273015
63373061
35536060
30040604
115048895
25415552
34617616
120961191
81164194
120170552
52925776
77857394
95528970
119739897
122438612
32436541
13212133
30423435
87438792
107107817
24264674
118900875
54405061
116218789
7749018
84156834
79113207
96852698
55881278
30234660
8661586
45389582
9097297
40107365
113872593
1571668
90105287
98374671
35321663
29046154
37566559
93234669
72587825
127779792
127931018
36950182
29878569
23914372
33812457
39481181
62801327
127255513
17510288
61438152
74189751
59194457
36223659
6697260
78051023
61210028
36764135
116982072
28856937
78308070
31876573
81562091
130137900
55815816
64177402
63874010
111304893
132256630
20567064
1345872
16601091
90722699
74162697
71964391
55618558
10286626
99764424
58254740
42123359
102518260
76228410
85084590
13663216
7453856
75896934
64461294
121643390
87804266
96740155
72139662
59254522
118128338
24566294
83896145
118363738
32020565
129811643
91732406
119235955
133338696
51217806
117447293
110850035
33263884
27312074
124057301
48299305
111381491
38168334
45733185
102664539
26445445
64904469
88536078
67104152
52516785
14261030
124730203
7265803
99608619
129968910
85387068
69519850
127505986
102915096
25087675
3017357
81368171
73624906
69864275
111125158
83029650
116781676
52780133
93451657
60217006
42677909
132690361
36975163
45638091
106492969
51332703
6197085
19545619
42813048
131121834
54569942
39190952
85675134
76709185
56278806
22947490
39903592
41782570
1901142
50382740
130782640
32128862
76498547
107447844
121387076
44504183
74508260
90078369
110551586
114837341
42705294
63328534
80699316
1124563
62403901
132266593
49521678
67433320
128537646
94552049
111865943
132374058
41356409
99557714
55391431
66572352
30673693
69786628
134050430
13534544
63614676
11050692
26815274
118146958
38083195
112352485
128352970
38971281
97898813
48017762
71665207
5462955
128986525
54199300
65017483
40167736
59365039
98457463
110049705
21989528
16134013
33922311
77457334
63693797
111273748
83366631
89545536
37619060
24200109
85534606
103833403
104259135
108149205
44982932
116798313
2494610
110991139
30203588
72359278
118182897
117388395
64072124
32065718
114772975
919793
122000177
104114324
9092123
104468432
44623717
27270389
92099115
37421513
57126021
14408718
22751184
111503454
116925
11944600
15544682
112988247
111046980
113709974
104098057
46973453
80108405
117230702
87872396
88856817
12580504
114997472
77094900
62999671
88127913
94334414
17366791
7361181
78895233
54923864
72235739
105665907
5722226
10211161
94739116
16459854
73594487
31303338
116225796
13352583
1581013
132139860
121052484
2204365
96368462
69886758
65086077
46637263
114039363
86196100
31053983
57698303
14134669
15712896
38010885
79370130
21427485
96646990
39831112
41415823
132774913
28459038
75400868
96562112
113587626
15924326
127998968
3130064
77586084
48558659
10649757
91679763
32193179
74280744
66784635
