111099045
64281977
115257387
1602047
94169545
37770648
119083054
119380591
104226769
64955339
95195495
62207285
110364955
82851530
2321779
130476503
84066328
80502041
98242514
37079289
97279746
125586317
103155581
125942681
130025661
53297135
6295344
95528910
71360449
38491083
15554608
120637966
21785726
83572073
98231515
98026382
21230252
102456022
83298243
124577083
43778319
108008800
25331514
67157390
21220831
62001701
15637429
74842032
97503304
10523116
100518169
25681944
20829681
36292387
95613908
73168728
111880108
4475441
27200721
24291556
96390533
93584194
35132198
104824074
13245179
116922018
105811133
96504878
24915491
20084498
127862641
28090130
29878355
52986363
27623434
24808040
98993791
82897874
75571379
98188432
93784108
42512066
23894414
112357697
103144275
98968450
2105642
78655037
97449276
133079280
40073010
67779484
79723252
122869387
52953398
66607525
55093815
100897613
90856883
73559508
126617193
127439734
102401900
69516786
71142307
70101541
114420082
7395484
14142035
50990613
34910540
12799493
27331190
33125223
77209948
53909544
99672241
109149563
21210837
17408
28287526
129053707
6189526
28881915
63811620
131999558
128692450
92053029
54078897
33021248
10003056
112011870
54887444
103062321
61777935
17231229
109445132
2362849
98362448
54752742
125841888
51176489
116563846
23266729
62114738
13202267
17945701
38981679
83363057
85555140
120077774
67326320
80998456
68727220
79306590
64698306
76794476
133143217
49264070
83196068
85374404
42307648
24939079
73002360
129711794
114812297
54834213
56690803
95019569
54130841
82280107
26524717
89949479
30660645
37411463
43060217
41620668
115932713
64937792
49937022
114369729
92363623
2457298
5180838
41156488
82739435
73834667
73694575
22755986
80303794
85668686
60291453
127653349
112059342
32250717
63065494
62822735
106215877
120988394
81630248
89052263
13184863
20587042
28592300
24261283
118467769
6353870
79204676
129410620
72425387
21853184
123702247
43700902
14766241
125208923
36288551
70718417
4599156
97715426
71854071
73547663
97965650
130479648
134093022
103339918
33977932
63040587
70889697
30685414
13681047
71527606
17105065
122189222
70524244
94944484
128884634
127599525
55630496
19009200
56046007
45533569
116500995
32362164
116815630
99680744
82831969
66944221
101852180
34382844
12504176
61502653
34803053
93281673
56218800
88193962
117146292
78076312
86805379
115952273
107912025
65924539
76176645
93706711
119994984
3994509
121465777
56013460
128484417
88116669
109475525
68796987
108256753
126331314
98323123
56516596
33771875
75800228
73985207
114544377
12992033
114877052
81362410
9240809
28678626
104330490
5922351
84458109
75982673
17030833
113336350
103856620
4711398
62642408
50778216
125125777
82464507
20022807
13810844
108177306
69233798
123520021
87032570
27081482
16779942
93513071
87414815
62155557
11845516
30569940
30051972
120584747
93567419
41770678
75310588
72445212
132000600
124387451
65251781
127274510
115158992
28446001
90168918
48994063
34181069
13100707
127174867
81349237
80402188
74518193
77559539
83615627
131147620
124568560
8750404
17132749
75465589
75961744
6790651
121106572
92636922
100687748
109019049
89507265
6578044
46521672
16633329
8835689
128626133
78936354
128000638
5858903
48635345
8653981
40855860
29432679
44113665
127121317
68706552
73840777
118248019
129338987
29076304
60767653
39201351
12087652
126261718
64507678
14869212
58999929
105033154
38600481
71916091
4509278
4435969
3953600
1209345
122394819
53480495
43609978
83507208
5894600
32352963
53384427
130114728
30598769
64224398
7198337
84348434
6152028
131211717
117629259
101948317
52514266
68978663
109242009
29073403
75994227
126477976
74096425
25400630
843561
25267001
94550392
28029224
123053628
128367507
52912515
81856980
87435243
15553594
71735125
62738989
65324631
91571990
82022943
26085835
26196091
32970064
69102014
98089216
87312882
103888293
9204809
3901717
115347381
100812688
104361839
127856595
125998316
109494873
51271282
64612052
98762146
111496547
14265799
67743471
73744992
119040215
99755197
109425973
48382473
23389739
16759965
91788098
56540525
15914183
97430556
88508525
88807644
7591165
92796756
7552360
33986405
11625767
87747809
28864024
31857214
27790309
79357651
111574310
28310387
58996419
48609441
22483446
77696811
94283304
30242920
40928008
9450066
109435712
80496443
41558950
51169686
50590085
84504685
108938363
52878178
57918408
31820979
103204232
94931896
34135225
12829002
129154928
76514156
103290040
30026243
117461784
16265301
36413409
108950260
109441594
2473511
84552775
31000313
126740058
106596390
101144585
74860550
15739566
58730359
52035920
130972001
65103239
39696251
9431787
63631883
103632847
18147759
20830760
30365997
100169803
73120292
114515735
8167976
5323092
95185068
33027711
56414175
85815002
88480822
117028555
97492864
67774687
72573538
39307544
6416226
101382749
104926325
83445672
30437
114714635
122778557
101756770
119364949
122336172
131370654
6781218
93009122
33511938
73871074
59903706
48526311
118354308
145597
98858518
114265253
10411533
63141131
51544352
64791171
86346819
42498266
99670073
4017156
127614787
124002140
87674040
19290043
27085548
86036811
2674710
70876055
86761991
29142385
29973386
123349130
53868645
43195220
85691243
40132818
116103769
40842800
84426070
32798416
27555517
5816391
52428507
34750613
61995174
105166611
130262734
100180790
54915422
61803460
34328748
9222857
64085134
87240841
50543401
69422803
16689666
51776323
130106450
120317954
113556726
122878687
58131868
95213971
122040602
50289988
118091387
113187637
112329632
62299833
108267267
110080987
3026682
55917458
90407373
58634123
103350957
116695157
63865183
16138980
34360387
79839892
111052500
25109784
88631876
59215293
17004861
68625188
116104931
27252065
22333119
103621856
112532989
47647758
128519501
6578123
76239939
62621280
65475583
88199830
53457790
44408185
37503240
69090773
86652028
39776752
66021327
78837909
72504342
53609990
21219817
93292038
60631880
80875611
81647774
50773432
123265291
17465285
44531218
16028345
95552357
122608895
35589844
59981774
84564056
118017924
34251474
106239024
81621580
101599430
94741391
81231016
53380422
119104338
581626
127124438
70213534
91721901
30187108
10795696
54196459
55626598
19692495
71715491
44389228
5679156
69257427
79293073
46117540
13206182
101708136
16743124
96474753
75180966
112799402
107084656
87938854
85954629
109650618
114043120
64455868
70875369
57778488
106025000
93144587
89756859
32297287
89876473
78326737
74788594
97514003
42494714
131125643
37081139
32935946
114710023
19116990
33786174
133230107
24944446
41318750
17699413
55017114
133438757
20827297
78185181
19488548
32082910
112217156
125606100
111058180
54113387
45360357
37605719
7275671
24966069
112757848
132107413
31385101
42784898
99744753
49371477
42230609
46189821
133882510
3835045
2228042
99586170
45191075
78095499
130993244
39429114
94204023
7878692
83920191
129095753
16449369
125412684
15667701
18773889
29114913
73235177
24561992
17361700
97745660
41059421
58849518
42575951
33100226
129555790
85020443
128075055
112255418
128654538
100531777
71374519
105259475
74712935
106788038
100554079
8744878
75126136
41095770
39826861
56677844
114416983
121254769
28732410
109873602
83273396
123319407
2534378
101058009
106576225
99005562
120503744
50662876
8071661
57506216
123254288
56629921
53398609
79577888
29673608
31656005
53485533
6331652
88331048
53828740
113582392
30016952
57752848
53067914
117830251
22293612
96511330
96555805
102475208
133730684
108699634
81527135
70044801
97622352
51295427
18318078
12857580
29294143
43122599
124710749
97572513
116123723
114337512
108975807
64269808
65410196
30426780
131485383
85134979
112179145
39200870
35898382
54571735
92792664
68806436
31797501
19452168
103436727
36194889
49403072
114454666
10319342
132037537
81549518
48972347
47679925
41841155
46411627
37197340
43388922
119448996
23506626
109440206
29078075
60928668
1897601
51926053
113799547
104056868
115827128
54259331
21012631
114433394
70014347
52898043
10491461
127646310
13314919
94067745
29391392
38920250
47686672
122933178
58872486
110750315
39971841
8625671
133357145
52261862
2725122
74192442
51661888
46645734
47195699
39488170
108640562
49652621
25555513
17440978
98355815
90695029
37665743
72121989
77516748
10742852
99003163
83844189
84780055
71767954
95215857
72463709
86207971
30974017
323852
70532011
102872901
40231660
27408374
13008733
93659656
39561294
82852963
99143357
122480364
93383628
73109745
126992267
93327350
51678829
27306035
132776804
74860038
71211497
45595295
101326525
126500802
9517499
28632756
94929515
63114622
61339477
100381034
61337296
76816444
79421787
88498679
106531205
93882817
554796
50643946
58659232
73025038
67453562
29448625
874441
89232782
103726863
75264548
50585125
78512105
69106284
54011430
2261778
41963374
128392270
108901929
44320279
133907429
86516388
124610626
7756759
44406670
105557893
69367770
132753568
98044281
90686469
55090307
8825234
39931194
62296913
133047818
119539289
78704380
73169439
25297217
47518731
29166904
30685114
35831950
102947113
39746842
61907204
118141540
48989514
129447462
48285335
40202963
43662116
88273096
50596945
16956917
26684456
59531845
86169107
90084760
84378224
15036549
28338489
75195782
97088588
96926520
94237605
111245793
124180190
74307798
60891028
75388024
119092405
99877910
43879096
57400628
49585994
91353345
72795352
6754384
52783375
72129192
118564649
51457978
