48145347
115996091
57923962
122590353
82999853
79041860
116492310
87094831
58771378
116840939
31985257
35912049
104079818
54267319
27319961
125882489
131308066
36256112
131404426
10257068
89617612
3665048
71690042
20625729
7486891
80933921
111526050
100543112
131205515
84202415
45684349
36091344
69953018
23815641
58708478
6430316
43183765
126540359
75004348
80787855
51978952
67802636
123177221
6581566
124654879
6797785
53207997
81295531
19466767
3551624
7735545
107879341
63731431
93906984
37125920
46790650
44509816
47715054
74122441
91635933
42162916
101394544
1175919
100235609
5979651
111889407
123885093
102220748
81950685
77686523
42305758
47492054
81036103
67354495
122865299
48642954
73680503
30041159
19487059
112846614
50698233
113580513
98111901
97074183
85880711
33754009
102169929
52685458
127375488
18044591
23713077
30708009
42596029
90677270
5487444
57990933
103348561
102993386
35306244
11085057
63789629
59643506
11300182
102681763
66346285
43487713
129835738
37387684
69161441
93737033
80295852
24049089
89925541
77052225
98848548
104041774
103204858
96707138
45547023
91715659
133713083
92569038
53776619
77680933
108401788
67710934
40479924
571062
128271656
52448721
94623038
32200890
3891128
103188914
113633775
6412375
52696484
92576627
89564629
44385292
123502522
15639598
27521659
120699873
129586741
131780341
37636877
117457837
69637022
73391257
3765141
11451839
48735158
22967684
99941730
56191076
92529467
91831698
117400479
27540039
32820676
52772894
5582629
10162654
58916396
130713493
85339920
19251352
65347206
109385874
11984893
91782103
130293780
121598226
10372725
20482993
2068103
103157987
65357364
126844720
125708185
69136490
7513027
122432192
50579907
122251446
30477078
17127498
45940667
117298251
96391964
121621483
82815169
73084021
21344397
117930685
86085399
20276624
91826211
106565733
79640610
101765307
39875784
122119566
102990965
107037577
126652950
128171731
2775337
87742176
104182063
95123164
72022942
63435148
102278297
3863459
20407781
60824929
77145965
121904868
5422699
12586622
35162444
54845641
57338902
71822618
94215364
124455783
12322301
54867529
34020917
675250
117660510
24948327
67844549
103055011
113402551
7254662
50886639
47161139
97310019
77289015
102895234
95429638
1313706
19261174
117159807
64559676
92610829
47676098
36962794
87738404
125019733
66040722
55001630
94255509
109115774
116414867
110682597
120543590
66577646
119959310
92369179
28580211
111190588
98947836
12138846
108746902
78769853
24003446
125591900
72283988
23414069
129671699
20510464
5688065
632919
37799866
72867362
125907889
53837233
73976650
30617373
51558870
17003095
113170722
49924735
96062194
13437083
77789529
59029100
9061452
39379986
129752460
67239859
130244288
101051978
97082762
43313830
70077808
61012765
22614404
10980157
37211894
49867156
91747363
60829139
116998187
30686616
87431705
81486442
93816921
58781723
127522232
99711512
14143258
66414232
36475609
72429263
86906675
59637146
21179616
84171265
19401248
87140163
128239925
85902748
123709263
72529663
95590707
12358770
66286750
47129640
13902263
98757562
10082552
20779930
38018070
60369753
121180233
102306804
112627923
6222623
71467170
106004503
4885772
73491194
120821193
72368239
38650446
74888424
53281143
132653921
72967157
60108144
65647909
57773171
69954023
73324173
100102866
90947952
115975870
9449277
99651203
96840803
104203576
82443170
116107284
113667824
119274261
129694365
67232167
50592091
59373228
31245389
81991070
104850543
112930167
22136376
22570269
288112
42689841
1053931
69524330
175489
128481488
13482094
56397396
28073243
132082829
132623039
80348151
12277842
116398574
104719447
12834226
124113589
23306669
100869379
35285411
92483939
10356411
57913615
18122575
104807122
56798295
17383124
20826949
31076481
116814414
40789943
9921827
102967513
74423867
104359404
60562657
98762725
57358021
9272072
43686253
83813975
411446
66237259
70054668
18899377
121402678
3866989
63667634
97785628
19202770
14518217
56575080
69683985
3031073
66469166
78124382
3370728
5477743
56350079
25149613
902784
50686101
7763151
62095410
113334653
69118618
43454120
116003474
94957445
58672727
116235204
13247485
27494243
59465307
20054011
88167554
65791180
67984128
54564912
95872624
64247973
118282388
90416013
98440293
109880365
36057567
89844486
27489228
484773
110428174
70034002
81783277
107279100
35982389
8881019
106033506
119125920
101096310
103887706
64690916
81642937
32472737
27405647
56424503
114312780
46702219
28611212
1044383
93207703
41202378
12779536
5152314
2440657
106146545
5645727
43194699
96451021
129713352
46006044
23833158
44008201
47235771
91282595
53540964
32043955
86658021
68530435
111567527
119574308
31960994
54021634
90998823
119247362
37715502
116519562
62995517
113908697
66200583
28192953
132856164
71148440
9595263
55099775
13929192
130822481
91203355
109150719
85268830
88733908
44664186
79520131
108944211
81239063
136048
33746344
86669499
87351714
62506935
114011899
37639997
77066489
8597671
69982155
19938120
84562168
81236122
55415931
91400993
21186009
36938020
53679645
50959080
133079635
53787279
51460781
2148485
94477421
115406961
60293126
75110980
29683099
25565400
69988636
40590306
81182963
121426683
91191598
100038726
93319611
134133469
98798746
14536814
69063946
79124564
52159654
70568048
38380317
11721006
63643644
14845582
123266667
121903658
86524410
78705984
99385542
93600211
83511186
78295107
39178854
64238105
81146596
70940534
59613565
70784741
43801919
88939902
65180204
98534715
65241737
71560821
82109307
63527960
119762101
32214194
4521805
4551996
1422773
5811157
47244654
90437771
45471385
97665089
82768113
107261779
84486923
113429714
26066057
127473603
79648637
20959652
53218263
19060731
112499731
83090164
61646575
44509688
104049199
37288617
69662953
103643614
67560139
60209962
14788323
60269311
35244396
53875173
122235642
71846214
16702129
110580635
16434690
110634195
51744683
117036380
109600999
129487635
69519754
80319476
53645862
10885028
75079528
108267462
14828273
131208687
110976803
16581019
45694117
16900832
46049073
78518846
56212124
92022306
46484145
109013252
50796615
38754432
72597064
65850452
54236497
72120780
116506429
102494235
29797025
2892140
24426849
27222175
47530948
24454146
31516356
26192327
21401409
113228710
121394190
117292843
70454348
61272852
21768903
28988243
125519599
133943099
126840989
127420204
132499798
5970525
77164332
60957431
6420401
60840929
91881917
25070721
7355976
106061838
52812723
85558722
96982570
118580914
108324129
128647306
68430698
130470418
106918436
85350992
70121175
41031130
93953855
97193348
100055604
121435757
19477307
50082581
3444359
106868406
65513081
125427122
57579770
25977320
42651614
62220169
55320403
95620203
1296001
38282448
67015793
34090694
62778756
93174395
12034863
128897425
72795752
115382721
38071452
133978270
67556870
6842158
13498523
23621190
125679036
21611940
89489159
114179205
35903901
31279144
90705016
48770814
106305497
5709129
66266086
67034055
104760611
17398604
79299920
27757214
53271093
41646692
104254224
126560382
39314089
44869715
98137877
55156779
97234763
43864513
117419986
50236357
74554810
47803713
28879584
46024429
36414921
65935324
35350076
81196917
108225663
91457991
123108826
39872305
113340108
59320476
7706104
101477694
14114985
118389956
13134491
132305552
36501001
38529734
7338182
16895479
49265333
806779
23354470
125728178
10997785
26905299
71491494
11715805
88013165
132466968
9674452
66501652
55643053
80164593
53948779
109687525
16967586
27048396
71472295
88954602
78584476
37960742
128311717
119544536
131250251
69239729
43220520
15835872
39139433
92278434
95531239
66723543
91096275
95260318
110211517
26017182
44908453
10897024
121187395
87404911
90035667
102454156
56009286
96654016
37471461
77883593
49798980
66991295
89521094
120356727
81234625
16569753
104794188
118109740
117311818
78662659
114688769
77883216
112725961
128316344
67041022
99069375
75512846
119352045
133214849
110903083
25384456
57249626
78860259
88016371
60374546
32442461
26595938
31748786
130998043
11752284
56706272
109183180
103881540
7184787
82538590
46124281
46074516
100567702
106686295
16830808
92248837
11927462
103312436
34552826
74821495
82992333
123914421
13375248
44958832
86167459
94447617
44043196
41816718
5460146
49096256
125783562
106207871
59325658
37738025
88462866
32450019
83505640
106205872
77400960
8052038
26616639
105228482
22863587
67879067
28478154
65512681
62581252
47751506
62910263
79506324
22836271
34820405
130407477
109838563
131230080
108426272
78391001
25114031
38539686
90308390
60616564
33902822
4108230
115927583
102522714
88224002
40826148
30914075
46184741
92659462
7338221
118674151
18700948
3690950
119522776
65440536
67488375
20166911
72467934
11584073
37767103
124645782
32641796
46698308
14037047
71525531
98375051
13605423
97751486
7966187
17532008
102831971
46802238
81027146
40192821
37437324
87278125
23338968
34938076
28414923
40385345
80349765
127665161
39567085
85816351
91486641
126777222
64097466
84280931
110784121
11887721
13056739
15614947
24686259
61568351
128259760
10313582
97065224
55644464
101410842
80009075
10993
14754067
5858873
25816550
63185526
83366937
11975450
113149936
3861183
87562200
70083673
52011775
5348857
45007433
13228842
4736262
86148344
43735449
95516362
53450478
34389745
92055620
93065120
103182367
123273074
70494785
77294519
84939823
25322624
25844646
102763414
79785412
113106959
61813911
