24489717
127514965
92524195
90518934
92372142
92880468
10914111
90923698
95074183
110534226
64384390
122898298
67024524
107121657
21781083
108711456
132561759
77174394
96605455
58255697
97868390
21699308
38640933
5135533
79176321
101638452
38038894
130910605
122826096
72731015
121383532
35094859
124360533
78572569
108959188
41113356
95053338
97023644
119075740
92459808
742213
84384451
112546247
93804871
115744210
4939390
35734997
58583205
88882418
39323564
118768412
32445043
66945204
63390491
80981962
86642956
43371582
13247342
106887954
56290500
43358104
82388989
104719338
126153781
113193711
120496413
19432990
117463478
29494331
38998281
37805064
10864993
109919454
42874223
92074451
76702587
93729962
37341483
16025691
117685462
7621346
42891534
128592025
29083742
55877150
28354058
86270655
58925541
39067488
64102400
111398854
16918290
39379406
23503625
31889333
79157133
23802499
52294172
45957548
125369741
118674348
106246607
71117330
5695423
24313322
97546595
124111678
108578661
107611026
102043171
31515334
122255563
42342721
42721566
66929039
37702656
109479936
55741463
21774657
58460032
109080015
75808090
81485208
10909495
67384833
22230534
113877061
11157454
35996685
47104975
114368007
31495506
23068816
18340126
35954068
86806205
56614373
126478766
108694688
43681885
103780736
32067627
73056774
62134911
21988324
74718457
105124005
20849247
93711817
71060361
112039515
57003214
110463428
108221230
42398279
39865825
33482280
68635495
93831318
77121086
63413389
111119857
42089861
113855380
23496618
69396313
129866867
101520353
63742661
57567826
1136804
79287052
49557620
130607386
106728821
7182843
69109054
101031689
19908778
8727237
132150233
47599381
42511252
68400379
100621284
11807485
115432126
118063960
28183312
113034038
96941838
12980715
75126738
75392174
72042388
124654381
600530
63602435
26105391
70846097
53854923
87094973
47807018
68798123
86200076
106532458
113637686
47628393
123851130
475981
104950913
27202364
9879953
83475666
491988
36720985
126334285
80031076
95928364
90745555
42330667
53681370
124291051
60407798
48348877
127499329
43945885
108664677
94986940
22015801
82569527
119685046
23714108
39537754
115706379
7502300
115021058
129231098
70205456
108963116
104415419
107805611
12891453
61640948
82676423
27314739
55722089
132320768
52429647
70628406
52532754
91825295
131726891
780954
56661522
11450995
67620055
101592132
55840133
21376572
37272678
75234088
61956038
133013025
11593525
110590977
132139723
38048737
116739591
27518088
51494693
84240024
99811071
33969167
4033480
73801546
68837097
29721968
74949615
63049832
109777362
19080384
35509546
100215325
103708472
2879564
38284260
52933293
107427265
82591118
110497862
80134122
29287450
71630827
16931596
82544199
50239011
6494836
115597895
114484047
50905127
91715989
39134561
75155096
51110179
78588149
36791152
88547243
80108378
110298132
119233653
9190921
114873862
54071021
92518899
3889361
84165740
14888985
82285018
127568712
25666846
41779630
80376459
110663777
41578242
108071029
38083903
104798693
72158936
63089591
49195316
116130558
64153566
89703459
105168978
8050648
50659510
24110108
67847321
85175985
41682768
8947828
126984215
3465346
52362901
110115050
43139725
70075422
72684671
37753707
117949581
64028335
100621958
94505586
93830713
21415224
36208215
61617793
5256298
73183720
108145405
131049490
41235149
120038257
16926871
47587419
96550823
85055469
107822592
112148218
125037386
56507928
57189215
77983484
95100177
80482757
33884299
32841090
55947481
129100833
12278541
19245237
22177801
131443831
112857595
72827878
78908807
107337005
64859058
49666340
122429246
19977569
23001655
94286396
101256835
3378492
19465924
106935990
35365660
90903875
108974667
63140282
56536586
41534415
38208237
6948564
133894215
88933384
123773207
77367825
132053382
69943637
45146400
994053
108004979
17397575
105445106
130079491
118051882
90534762
23320980
105487804
107928288
106175567
128981505
42678183
25146444
128806438
102377986
58587246
79023623
115765984
91449990
60591530
101869636
49384695
114868030
129949975
41530790
102792964
33444336
21975339
22094385
49609413
44046286
96533962
26269687
87421627
16072630
17674387
133682788
64729576
98452991
105363088
98072741
85663306
72652910
50097994
121386593
121246379
106517404
89791875
32800704
86623150
131342005
125429364
47532206
71514906
49123278
79411047
12003506
111703470
33108793
103892006
38073599
62203607
20859048
116155606
77188902
131493509
112287793
113559670
26715356
107943107
31160259
132266427
133469742
102705428
106967338
48173470
101491190
81393043
76260765
70004557
45872240
76332620
82529624
3802702
54522520
73582281
94301847
77218011
108306780
27621320
104269639
123764091
52206207
64086946
72339227
114366348
34228215
37547266
128169984
15224390
68265298
74293172
113574725
33757980
63955059
50326154
126869484
45176258
114469815
50602621
67461051
109354883
83278942
57381747
85965518
57946543
2783464
36196477
109059555
118428366
2691622
57331849
4609091
2103602
112478896
84508321
42328555
103904286
63294809
91594922
15931888
131909701
15212506
17592490
17559004
53257233
44083033
89574030
71804339
118556817
64182566
29399764
34452288
49653253
18343603
100231660
18421089
23484530
86537043
15689177
112407072
23900008
9666107
85852589
99391424
78346686
52957757
44986674
104094708
98963425
129935463
125061521
61107672
69690982
83228155
37706260
44152534
126165987
66264842
82833787
46991284
88659291
115704473
24752701
48297459
79046336
97448293
22820715
43140296
31449370
109070319
73750042
29408542
84145543
30904547
2303414
54191888
101060626
96013864
92003031
16766903
37266980
103133068
2896032
28854667
58666200
87320068
112394529
125947538
82413319
88706400
120039834
83482565
127829504
22694594
50936337
77616308
124216134
44282636
62247014
72832527
101114419
108543339
40449430
88806158
85258757
31963820
19069760
108927033
7962208
38710211
66281230
6002455
100278457
128567459
3721849
68368716
2873753
123055408
128969628
16626204
49950001
62628243
120481780
34129007
126131585
86412128
85330352
58849980
125618225
73203662
124797797
84833662
55433666
75703796
128811222
47727211
33617563
127148734
40674543
126161941
129189599
50727405
71983231
56186451
76262707
69280612
126346575
75342826
21190455
4922385
124074771
50357707
78680216
44951507
128053500
85017211
26568897
111947783
77000365
30265797
25349743
14760997
134020072
21675514
34182918
26014269
2285427
31933441
133349046
109980926
58042344
110948957
50866182
88903938
30636452
16717543
40817464
109891240
29341874
90174823
92196256
51668041
26682001
44938388
38945355
16136460
67259360
99836656
36868038
48838126
82033026
79033549
46526141
15216887
70180440
70307273
133923978
35275762
61895407
17862547
70009564
60485572
33172727
4281135
52261360
55723821
35547363
66068695
39510135
101991935
20495673
35036193
88033462
101715078
8176337
6055563
13067763
55273719
92546826
60404588
83762203
123352038
45387917
93584580
82505353
1950710
107974627
56989255
26142435
115559990
54255886
42779557
20649554
40436442
114217882
32422758
18816248
8381995
132966195
134028736
49735353
29516950
117525415
91468971
9177987
124942949
98113132
5697341
2517093
109563712
64767711
79294545
40803310
109380106
26441211
131943070
73655891
19780951
97942311
125532075
50419030
23626634
59358779
55033671
91504677
11255895
10225462
47994449
27165035
112765046
18415764
122500198
80534559
51434963
35137019
94846698
23535904
74890416
118311662
58830047
22671532
7039159
133798644
69272151
121132591
2343660
29096653
49189649
81029903
103831693
27982592
52717834
326658
79669065
1706267
119474954
84661653
104796627
2709754
70188787
127359285
51310109
35543111
54657661
1161176
71140123
87797250
24907903
117333660
95633092
37653502
30373293
100175068
24574731
124769666
24008556
30266034
16043068
79945326
61314684
105978608
36575048
57048128
79747613
64881542
89676993
90097531
31238800
93043514
94463031
36234299
91777684
93593401
10742429
5730177
24885246
120024686
15390584
21898252
42996175
92115300
28745731
103313549
43127525
2761881
85005076
87106810
12885225
70805747
109758754
60422922
27208929
128730758
86457129
54697347
88707083
17537153
121979536
92978245
13143756
101499788
117888857
50281730
75145796
32836776
133311811
82899206
82048349
89518958
98780135
85462937
119837289
59858990
28897230
78452436
44752353
82322580
41514013
123960102
100448806
126518052
22774399
26252007
24306168
56103326
1828914
15994044
115097671
123360081
63388227
107025981
85188158
25322102
62264917
107797144
49826230
20739337
42335306
4885494
124867224
30495662
67445923
115842857
2660634
109661256
130136424
61082066
18681314
3109310
38263157
116924897
131855838
1217985
31301428
67657700
126979533
20394086
45327645
10132109
10376695
5856643
126841253
66824186
108226350
77955286
113693311
43937023
120458795
34948955
72054276
59131921
93773807
75455542
17631503
3462530
10324979
14767275
69774466
40169376
77589800
84515237
41200225
34730996
103801000
34243185
118428309
101122975
33413315
59806128
118964587
51513196
16844557
9010734
22557304
16527953
122802668
16476605
34734034
57838741
124064864
68221589
18344333
62780526
105220635
104835869
69894510
69984243
108930776
49609400
119709918
113952927
63253968
48233150
92553432
38430021
133055777
15907952
26311152
58402719
100952967
37134795
113555672
73462267
84534489
110769802
77781257
126257321
64128375
120399209
79661027
11469049
787518
74265457
46768370
60376018
33722317
114783382
77700048
115498577
