5056684
53019285
129376652
27975760
43973152
82029188
86316049
55777097
89870928
66323541
50410795
69297832
123152343
105721414
62639399
16399307
34150979
130204350
60427116
86912455
129024850
78447308
5344910
87083107
54702077
32983136
112304826
86532735
103217807
47542647
93031354
76803655
8420456
90729029
59086443
30451348
11134286
22615612
107127517
36610038
24675888
116584591
67571729
108088973
13576012
30655601
11524846
102377747
23487037
111767051
13583982
63645775
101681883
31894847
86591674
55819155
37400639
43425302
99500409
28565452
14685908
44017648
107727851
105698383
7679698
100949613
109537164
91220991
26189111
66834949
86316299
91108425
38512939
73875621
48692085
122503146
11488869
75763620
32527898
35353164
2136445
81521254
21494373
111133993
64536149
24109219
55599361
84786136
96061565
108122610
87157206
79494853
83221633
99062217
59538925
76148422
56534087
100271122
34884696
64726258
103521650
103713610
122877293
43067541
9608827
20119696
83381841
41355471
44450286
102106469
78678474
6375943
78972870
124813220
100375803
104775213
72203776
126027826
27118127
57950551
9180314
63922899
31932645
108459189
64636178
27776368
117909080
131143012
46231063
114060997
65967259
100844531
118199814
10721902
40860814
42359660
21763113
70044532
47022917
96255845
60629813
85239387
78740750
54326590
23219926
83172714
89510982
115897163
8016207
63674802
91447048
35935098
77836316
12971243
106991448
30866383
5300424
119898704
42043400
104840472
118911162
59180647
50716166
119034641
68327720
7611789
32136801
64523315
69994294
103604079
89580370
101783949
56895106
44535765
106425076
117625202
84738459
129614737
76960807
66825030
34026259
22542700
67881501
66698160
72679719
348027
124971409
15165231
36761982
83549461
29084442
123646632
120224237
18572241
35509961
51326831
52407626
57986813
107329370
132503477
57890473
18314358
87357124
90540749
10482224
111237460
2093069
72423951
27161317
71595780
68968238
58354841
48514696
16660705
35671893
34838318
104432963
102517318
46648192
29928514
8071177
45944677
133599569
53189306
28791746
38649909
101412585
17163642
111858462
44025020
77484218
50475846
477543
130912442
49325218
23537568
100943876
50690933
39400346
49505999
23714431
58625151
106098887
91035797
84568570
91868501
70843676
55529431
54743119
23507269
58355789
128415152
922986
74936618
13788113
100107590
33216511
78981915
64338304
86191232
57310688
89899462
77035144
39798582
72991062
44846217
102526706
23214149
39885726
35918206
30617737
129081740
45154254
82429065
77489168
11275418
126150003
27379893
110515826
4140581
79621519
2948703
67125406
130668935
7571238
79680214
20735019
89611217
90777462
108017190
20419290
35454377
6693632
133728867
133152602
43911016
133159661
29775165
54364072
128396856
29620646
19453891
88122224
28926715
36306831
17971681
12201087
61316439
68094911
132881363
105080495
46250807
123195005
35841080
125799068
69664834
66832147
22719842
132019911
121188469
102446302
94313979
46712933
21500760
92251586
20112739
71332613
133353964
67091853
66932347
80790135
66486842
12034168
97815696
35200873
325132
3106081
77802978
114746251
25907150
82908964
33604783
4536937
6875834
75373540
117418626
107491572
110936114
61613401
111355576
7468365
5059239
106758918
88788417
65645371
56713399
45923035
108927533
57148887
130583419
48377301
86524584
115504143
59377049
112511636
133583548
106324437
81549725
124380673
122490079
25243027
65563537
8099476
24755043
128400954
127230145
123905829
123080157
108568535
57758706
100944824
90407666
107091488
107832161
112043722
47074814
116794745
99944840
89850342
9662689
7775716
124242927
111820824
54495695
108571966
99183875
97472388
71157550
3934767
69207536
40457036
80145940
30698536
64306417
126195838
23042126
130743007
103058216
114297218
67156168
5805645
69648549
55283938
115317253
53520272
86411313
88872936
56671880
88563824
26662520
77755119
88100203
55325562
78575376
114777699
37274524
96091670
106016136
62226351
73725499
26557211
38602530
132307061
16673550
69860698
115852307
12473663
92688879
85331945
60702827
111709608
124370929
130662659
57609344
13714642
64536921
26518955
4022270
23348518
14677652
98011333
59214555
124355334
66579949
130723412
126190052
130071091
44545371
97853964
62201927
10237635
67461230
10467573
54481019
118521385
111876394
108761760
26441302
28442452
78715847
116344963
29318495
21166156
66868614
29496667
62253778
123299799
17186875
25583024
102723729
35483417
86717901
102008776
128552731
89835306
121026766
40237473
112719419
102598507
55858158
86612788
15317375
55448990
107580581
132988876
74669966
81243567
58224945
26398667
31528637
118457220
105746308
96834841
102707514
64891110
52869513
15546722
43507678
119324491
28768332
3879514
88758053
106154999
60918976
33666214
35477595
13116491
69686825
23607855
27438977
27809522
97615203
120325400
7240083
47739106
7906669
19322278
26620902
43042341
94605511
22632766
42833807
125103487
16846890
96132779
1901328
28373158
13236173
87754102
55060218
67586075
134104163
126525611
109455601
96203722
70266433
96656815
71777216
122303547
133808214
70390520
49472448
102745806
36448594
108435854
69725069
70387292
116222129
48778990
93241358
36264265
55572008
66303444
123042096
35659012
38642329
50557946
28286182
130527532
84040418
62540599
53963792
10682380
108873294
99456158
20812285
95079123
16345232
127291138
49090874
66140775
126874999
30729717
89764358
5042041
81722925
76020954
81291242
99853597
105478396
133108747
57869136
109531870
117217784
91034817
130840435
95991865
86204049
105272253
70923639
118351699
112980462
26077150
27281487
116315487
124283477
64362158
13643414
62464737
113664123
46453171
36077895
862578
26476097
32334304
25399915
118992206
89375020
73269075
51440704
10556177
50045593
108190115
69037111
121529676
40275068
125698219
39033346
119290234
35906325
132185887
43410564
122321076
70906029
32762818
17137483
11854786
18019690
41105606
57204658
92898000
127996401
27274560
115748375
40037244
47823527
127683874
82028993
31698172
30210080
122239326
6282669
116586273
54385977
79578052
71675868
39242362
89849387
59623868
104934431
3814361
92529543
21925664
65943294
22525138
68431205
99054886
88322212
125547350
96097080
65463854
131058074
46305360
67590058
120098512
95111776
12579870
41022280
43723182
13969075
79298112
40128523
109349162
34280888
11572127
94192749
85834965
8499732
107934710
117182493
10534470
52844362
92910333
102617734
47432461
119040231
93129837
89662759
82177373
31898779
25311990
16583057
30859148
51387778
72427875
77958774
14657133
105194746
61523121
35567486
123222251
23594687
26221701
66095310
34683468
62270300
103909838
57642335
58543399
121174479
78368029
14054481
7847239
59398604
73948796
55954380
120301423
96838374
64758010
1999882
104254736
39598727
58688559
41469567
102470050
125663178
99739533
34756574
15058033
122131469
19871074
82375938
111363676
125968237
98230453
122050677
96199806
80994256
18949722
99057399
63823991
33974182
103874209
130984563
83263554
21216711
36447977
30098025
14740440
4840241
117312806
120873443
62929307
94443076
59758388
8455530
30771572
18661954
57959847
83822997
3194407
76742341
105635467
69912036
83393415
21754177
55855645
119246679
114471880
98680151
53058902
16398849
4669463
108149782
109853162
15791822
13073854
15844538
105258549
32946507
113505098
69248210
27882901
97334469
67551647
117192047
72144157
29801186
42003578
81874225
113865019
95574303
90832361
7272622
37991359
71399907
101657027
72848109
123861234
74379061
93350979
46438694
100268314
120943975
38414123
82450409
71062117
96248360
132051319
4410363
19770486
29392300
128838081
63910070
52124688
35996173
24215684
95823713
108321146
128378534
43762383
125428714
40200401
58924342
25484955
129551764
60628008
18657894
63065115
60819733
38694987
19980862
70518269
16192846
8821387
117094397
10209739
26579738
41954042
111931961
132539085
94253705
82290853
84982685
12122267
44117613
108863582
6920538
117279243
94802637
65404296
2818497
36964258
106288792
49290839
68179878
22682386
105150653
127371775
111388420
13399075
122192678
38709779
13037197
93229710
31878935
16529235
111148492
34895651
36011502
25514499
20247486
58340909
112925272
102363368
2857296
14466218
82089969
131403703
58691531
67679992
106072592
80713283
110141713
41469769
47779421
76790562
85915465
99701440
75657432
37797869
121471885
62813657
121278910
18449560
67393767
73544580
75471310
6723510
62710839
114386536
90691211
91050731
121365765
2489755
20623870
117384939
22206579
102580972
131528324
105869105
126511025
95618320
44905506
131815881
82071457
132542957
80259947
125722815
22749588
103032528
72547318
36633329
76070605
63462997
85992468
87623471
23018873
58874724
67162639
72990295
36064994
57527634
127615408
36564838
115530612
105169912
120549149
56596820
107321113
36334085
88479676
96467669
93997654
69084063
92676990
13303729
112871187
33105812
27619245
64037463
6032589
61978083
110299255
8290565
132929357
40837843
92773199
118459366
91212898
132131938
50958058
60261755
74529727
113672864
66534078
5475470
51231539
16835910
79025936
47723959
64468529
11565080
55995640
72700521
107121502
16373325
131662317
122544872
126871653
80860475
4815487
61798626
93796322
100282272
15622402
121189443
98040058
129171550
116699680
119057553
27999619
50096564
118100993
133539036
131418130
656650
100882110
79640352
111383552
77448589
99311271
87778722
31528851
105193816
90828421
93848813
133184651
46647360
34788052
86033421
85393525
24073434
87651868
