28694231
85348172
132740236
97207689
131905302
49584728
121533547
80968935
45733237
24798864
68070120
82596265
78504696
18437629
43383213
82666881
67134159
757630
122563538
124929775
35342569
65547198
67808577
36711920
89206398
36024726
129988630
90807679
52246894
12799711
78061742
68886946
35609119
18759635
96861337
22703493
35130170
24573938
119932426
58357199
80768958
94584104
29135909
80922923
95466463
113952911
28621484
45784925
131570068
41289655
44289938
43608682
26666699
41797072
84391749
116262737
20307477
91866405
44782126
20786011
21543377
58162227
120065939
38428862
14971356
13066638
11497998
6366152
13882041
105288166
104529439
2195784
511232
25874573
111387652
131195841
112757522
26535699
82836388
72149692
126622916
92182660
115370718
47794580
27370946
19951742
97249908
7905600
130425669
58241951
82056474
113438532
11045099
16550425
98434154
110179597
82788196
72982551
94369800
66691001
91417188
104746
65201962
100259822
117085284
44737511
98826123
77633820
51322781
116506981
67716026
26099790
74708737
96962112
130935557
50561986
62423186
112874620
98967158
33855467
15053355
6192177
77246108
120093662
104753431
128294027
70368787
10121374
1580550
13235874
130960307
12965831
35379748
3141645
59782656
15675370
45493028
66998467
85711926
99758843
35161839
91693491
116145858
28167738
37837441
117936530
78197951
114688441
22721088
60254974
55085307
90569563
88425842
109785991
118139728
12429674
123492880
98397608
93972767
57439178
28717724
127543137
83229198
46406473
54993422
93472700
35437082
103835928
111140826
17664434
29181997
9235185
101247094
51668052
70304642
126092813
63008476
25029035
43947923
93537333
28443140
16637407
81423682
6274606
34262542
116451025
123121474
4867704
95047941
60281682
97037597
104658294
43451651
47841573
85053468
106917396
36133952
10594474
78075797
22923918
50664701
89054678
88315891
35583558
49811506
97865151
70642010
40392630
55134930
89112850
72719739
47214669
120332850
18420139
3283535
6071278
23338984
18832667
4231719
49665001
52143939
57427691
9637730
84352549
124758667
86034316
113004509
129648551
12474188
115642560
119604351
32574737
49768887
121928071
82008086
47679269
1884304
13818415
55836819
132659270
39329872
54914349
92401380
98806717
51140916
92563012
101404858
80428369
71382359
89301268
111571115
125333383
85774973
66547366
132108070
85577121
31574345
62387457
133100056
105536812
118968182
23501573
113643345
131229208
53173159
36152585
86486513
67569675
127452740
58524321
122834021
13403253
99006671
67987851
101058591
73210881
124871086
63074922
83432531
100629606
99655124
113818653
16608736
37576561
37343526
73810653
82384909
133619706
75047111
32399175
54033582
66763358
24842554
76294190
45174104
4094364
119258304
84627643
132909176
61639469
31304928
132352822
12487013
129311100
35493396
22508211
29329742
71736901
87407500
43578608
9382873
3945189
117488787
44480185
91525363
54279640
85085445
104042267
9003555
103960549
20912406
122082466
96250588
53823612
116049961
46798621
94475985
3256209
98754815
125128024
82511342
27934610
69571090
123180418
62749605
65650567
86646433
35277422
123512890
32852065
15765934
121837782
22699147
47634578
76055
72352919
117932863
127789492
23257326
61677201
6161168
128434369
3768469
26604076
1698879
38490822
31559113
18340393
5135460
65158999
32444958
44008418
70445127
56437706
2899859
22809365
45433476
120426095
49329091
11840022
99990718
61512696
79727551
88639053
34975533
81362091
74876005
59708244
12184579
22017165
43985664
120508759
4697169
51991648
34228437
54950369
95096292
87998291
4967507
63786360
35063643
118683996
36141041
40629394
70547876
90840825
91811874
7492590
25987698
120774574
16623772
101801998
70097770
25773887
21089616
47567095
49324324
14289258
87928415
66094200
122940284
119820034
76523488
42871274
72969513
29585955
100010660
52945446
72999733
86676635
114232705
78946460
129296330
77154023
102382256
35046621
59189208
24840034
38953533
60495991
92038069
107560598
9725469
26473188
36397502
25919838
38457156
114783682
107719303
12731
105977982
75409796
133874308
99883152
90627223
115144006
109593410
125957057
55673048
102911241
129613137
678259
101205818
507527
132777708
32408270
35208722
45331597
16082155
76321695
11253207
30384637
58539696
121762085
59664999
13443993
19823193
80215528
91951457
35585715
29489839
59489365
18519957
27033087
125968005
124187892
116250490
111755942
69592800
46003574
63907675
28080595
23291323
13023812
55660624
44222618
59594894
33137253
103947307
31033528
115181983
114065226
63230042
17650116
115617459
47024833
14638520
107063639
115067030
29366238
104612209
109224477
52066475
62986830
131029878
116876410
125225496
128271106
83378063
95172737
3850930
87047750
73848654
1433164
66925959
103726444
97470902
53050041
94893174
63519414
26449503
119774747
119438318
118335881
110039335
77974445
109824556
50292807
49928028
30468190
85770882
74463854
26151157
10981060
5303102
62044261
9689341
107652963
63235477
132769080
22068893
130230243
130918294
96318990
4297610
63471376
62338213
127176862
85183593
798418
124531277
63517116
28790938
63971688
24394602
63218158
81121955
111811605
64452625
1442016
31114451
71045487
108463046
113063277
43534876
72754476
52304743
70628448
5626532
36426422
129080829
52205752
42891135
114755014
102610526
10180613
74981242
14243884
62800012
110984801
64066060
114044881
103414250
45902664
105398010
8999096
54086627
63683785
110208268
50041815
722057
3444667
58652352
71597824
62211492
12318697
20878181
49460287
131490330
39112390
23114809
107089029
58133900
81778996
81514972
70813471
60174692
132947686
67633303
68223947
76076326
68083764
92681508
12180252
101219425
47823126
104518167
22470503
37458923
90115733
103154528
57242506
38475717
95170010
103001301
66414681
62283747
82057217
73469210
62382066
50328124
1342481
34273048
18169531
108656839
40360193
58442244
40706727
97687369
75060774
2249519
102891461
123082362
72656706
79077254
96535502
64645984
133154188
103691083
87385967
29476178
45668270
116479264
2194112
86454997
105715416
69856138
93595930
16717986
100133294
75418888
69517784
1756848
22495466
101638236
116914289
78503904
40328430
50551989
10585796
76745927
109393880
97819357
24551660
133067689
103547474
117230256
3979073
2946093
33905982
9263697
104064831
53437991
92787280
42084390
127116290
57510662
24805222
57643892
8440979
129314137
11364070
65614851
132585358
106051594
116992812
123718874
109700068
80746481
65012305
122303857
68058766
40245853
68263299
48205673
89595772
42787022
12759758
95704496
80851906
55799126
69520297
77816604
1697638
96465909
117974875
21552687
46132672
109003255
7384646
134162133
68245696
3166427
112791229
83117950
59071829
114430946
8918204
64429243
19359065
129660350
104134682
2468525
65411856
46732557
4360917
134167463
24432109
130349193
87651232
62743451
47753455
57266449
105220097
129291963
68263453
128132596
37322608
13266909
117882142
18077844
55058771
95091565
126890023
117366973
4309637
73799765
3979895
117309086
97378733
61359931
84098134
86341302
120052565
20008935
47043187
107823755
61898515
110106462
28674506
64538468
133902378
112167545
106554049
18474634
56917941
92185045
55760674
52975587
57758379
8400404
7057350
79767513
96649521
15113357
87905903
68944033
15010534
8319933
62907705
66819300
88236714
98878761
111289727
58319476
25585848
47176999
36774093
118089460
93732698
123708170
18088017
91090777
85490693
249259
131655601
30241123
112588357
75845903
47333672
37861572
71588073
96568718
37042036
77756061
73934657
14036317
9142643
46552554
29921827
4440817
42051496
47507124
125303865
59816478
118945576
27270258
35624631
74958774
102085938
3398915
61151189
26048022
7872948
46420696
89452198
10194522
124794096
32647281
10050057
19729441
65148163
11361348
30997330
132741972
7327835
112447201
57333922
26793390
97498345
52116803
104357421
65949030
55365428
76427616
31494671
24442504
104346284
106468306
66667596
111455630
15447792
41439163
5628337
42375317
77221706
54758571
113890060
3784020
58254841
48442959
115946082
76477796
60142864
126171444
35361468
107358147
52524962
111262387
79315844
3675355
53928725
103063210
131104932
131922003
17988698
80183849
121380330
75281104
93927506
90220739
53280699
112687830
37438838
68047498
127949164
70985219
11331875
93038816
62418482
85761711
99618124
82451524
8985363
43980938
16912346
133117464
85079475
65097968
82264620
57174830
63958193
73555984
115371644
15190025
99736480
74079947
125002394
107135666
66752460
8208452
8170267
48586027
92717085
120827052
56379270
120821758
26321290
26971855
112289152
49614898
35609813
112902393
2569332
93844644
46618796
113449357
34854828
91948114
22591100
36137758
9880529
73929480
49302019
21936113
60842832
12218538
23594287
115313212
72381914
117136912
10697836
84558341
55271772
94922966
22162902
64760477
121188054
42785755
5015412
80744768
3553211
52726365
96695538
15317161
55519341
48879317
7824529
119688929
134210638
42628938
86324628
43482369
105327436
132187747
66163905
130563498
65886735
58732546
99203339
80984527
45517840
36634924
132063410
120442577
6208030
130989288
54413861
98251621
130973118
33153073
38997986
33291018
34929243
64177370
48831869
95907757
78232394
71906069
130119741
57250826
46596876
28826711
51157290
24488183
27674059
7782692
87363610
88798788
130851975
26399409
70793030
43559984
44824261
130722496
124874945
65296999
114026326
124184717
26865653
133721329
12206463
53145391
82455910
