51616814
4463081
41105590
37452125
4117241
125042698
82842061
47420070
117308863
131503638
58731123
48287931
112530978
97880438
101599633
27612822
52783912
97743953
29683895
100363720
13209244
106284003
81360552
86775091
70275809
69054841
2667130
42135050
38675160
35678047
121491567
126059735
46237770
67942675
109226824
107801890
87351473
92840722
83455379
71208179
104989628
4379979
96118165
99053672
27787340
26240288
17874600
90747272
55275799
111135506
31574100
124080197
83726321
54057858
10794550
127867722
70671721
7084589
32953377
68118610
65947548
36584085
128757473
51218061
55003198
44607569
14168420
56313506
126397623
38147314
42892688
38937723
88803282
93866056
71459186
111102189
111718793
75500022
15998893
108514900
65809342
49908025
839147
61094890
67454349
55680001
122412821
45269763
3705722
96654195
72422330
109387624
93645068
18883729
100774492
58329549
105758466
29591065
118132019
97451976
34930574
98830308
81062295
94573118
2971527
45425997
59037372
30588480
78201147
49794571
113319227
27955860
2036419
55884936
78243594
59734423
94034906
69397316
6389040
76087250
9001562
112339831
61986157
1602759
51554489
17661063
72834076
14470348
77569868
54304687
60005690
120778053
119056764
62103503
122402950
84188997
124151231
77700245
8381763
463404
92906050
100108762
27145029
1082514
34992429
71763045
28097856
130758406
73332242
36574916
34839751
95937305
5676644
83847852
77316687
63209870
5050359
105644130
37058112
83038407
104235335
33989275
15940869
38671837
124320581
40507130
27539407
65395113
61399351
20585074
56998065
91215109
23447323
89192149
99421896
38721483
119658220
99444979
66850202
115503979
82576060
35870006
132864633
101803431
93161652
38162153
3912769
108049257
8379643
12000687
8215209
93135104
94102380
48850364
4924428
128543873
80544218
131083634
64382190
108928373
110744559
72856399
85778187
78380518
118816297
114434891
20997114
78000116
49858407
20365515
130461245
108039992
111673492
43607329
13331696
55469899
99554368
27273899
31146666
125829126
84340967
115159878
124646818
91001774
25219679
62012646
41292024
32476609
126747672
41879064
36122598
38631347
41822403
7891918
67559549
113042814
14925538
36364172
67919783
35439246
88134018
57405764
25090437
27578068
97964805
37499778
9636865
89484365
24283328
119595759
82848042
118581274
91961253
41065516
4806349
96310928
111733982
89673588
123807381
73465858
106498338
121694648
127037372
116679264
129001968
59112606
11057463
77418972
90492283
103498315
97435806
44372816
41691256
115803464
61311626
3016963
127799083
72163255
56692095
88379761
77541247
3565917
12274071
49075821
48770411
20573909
59937053
66940118
15275060
31256108
45940325
92275559
30156587
132567439
73538021
118509226
23107188
32217591
128103003
51786998
72850646
133245469
108058313
100821968
2979825
34134303
115430699
47482876
115489032
93210316
63692492
15285612
81299960
42275662
35645739
57771055
111902635
68557519
66139175
125871173
22084831
113923097
111237469
37750857
106182710
9528369
36085003
78375424
23306410
66248221
115663956
56450218
43792789
37190941
100689110
131969705
54543037
108355357
61889300
26434658
88265283
81588040
57054608
74290730
88290121
21266904
66765104
23547952
77543163
65389751
6933015
96118937
96319662
2862323
112698777
64298925
93522699
439858
86317272
10190126
32180612
20413071
58955440
73310844
96297656
66540756
38321469
89900003
4600121
76755878
108205952
7659560
103621462
133529307
50843436
118364847
132327392
111599539
61194692
113749821
133880359
1542694
61197075
113629460
83563953
132777315
86052798
26467707
92624957
120780340
79091616
125178806
65230250
50269539
88333259
73150949
32206789
57479049
37850592
55433901
39190399
86140891
110317753
101277264
60932929
104055459
115431413
132839055
62265544
89161350
100716519
80600798
112048255
28326438
35237058
61622181
60865450
33588114
59518472
104899471
74158661
16391437
89419963
52451809
115295053
85510447
25241633
8717675
104005782
96729777
5481939
48736691
565528
92366900
76319286
34869552
105971065
99731609
121744541
49785043
9037659
27828403
73892142
121270678
64386351
119651067
78307309
64612929
10493651
24460701
51281377
39321378
29361065
131844702
55082233
62392721
36368869
40588743
106033465
124166878
20072202
15621270
80491233
99593526
8716804
92966508
43422833
20371488
99707688
111260509
83059721
8770350
72373845
9621943
17710692
7389159
119678981
132326893
51293413
43874386
4087871
128277460
103190620
95423508
19118507
23393300
60845587
79687487
66374957
48782926
26938788
62122818
34553515
129752047
86729195
48290386
3381493
2627585
62600314
34776345
118832749
105208809
70362835
15745144
93954452
39510313
115544964
20846415
78494445
103519801
119033863
110759305
79118324
71000083
121425325
29103771
130238444
81929288
64718585
67626986
132976093
128539195
89065946
132046179
122949296
90853626
44179038
124185253
61967816
1446442
107293122
74111300
114132515
47321745
98887186
57981816
43654385
124057470
92370256
102284824
118241834
125497179
67545567
60755458
80583376
101616905
10505539
115605766
29364467
95182096
52360929
102241534
96803956
60733282
5505397
84870943
88105859
20754555
79719693
129335036
90360085
82631500
55945422
119092952
105230100
103677588
73628793
18417427
44315251
100417337
56891181
91705417
34100535
114726628
66187431
113949746
45677474
85087865
10867415
82494911
128711774
30149039
73538898
89393081
2900962
76729103
76420343
12529630
64327373
1415416
543836
81076285
54753476
32708758
85458792
91077834
76484415
108840266
67699296
43372205
58223629
103934531
109312112
58535021
23186986
103174088
38594265
99208059
119050575
96966285
97739276
2923965
68658005
129989111
124976613
68236511
51901563
68493253
133002778
81601385
130994582
77848160
43401568
76217085
45106702
27638545
54056941
121564117
131241042
100452271
14730802
100790809
93860580
132753936
94287233
81473283
11580345
26642671
71929843
108674591
127943795
104800518
14764685
36436270
132929042
100195198
48673246
67912126
17872038
43961677
90923950
9973726
124356425
34791141
64960730
45190507
130478138
32596987
62288955
9079077
120529108
124113237
45654456
107691389
50267585
36880076
83901239
121546193
70448709
44413204
39970349
74651837
38003947
98019015
45664198
56163154
106789298
24212311
76799149
47575046
49697422
14919161
65737954
18731589
46133500
39450545
52604959
111456798
65517796
82785554
1636918
78687636
98440719
72947619
95724363
88261534
19951376
16814867
80994121
80221207
79074868
24337710
119206290
76136010
49071935
77935967
108479645
101523034
2863044
82710522
86283497
73499544
36128651
56475824
47928745
31806671
31336257
46966193
30375732
10733137
91701434
97174629
52296696
80890138
128384517
61017610
105272711
58798287
51677413
24458040
47349128
50046936
94177435
101805463
91603398
45382260
111386204
20929129
76794181
85932576
117153528
48462069
129048064
132903727
40944839
115428302
104082381
70985615
125294328
109046598
34324084
82993968
47190266
78407642
5986548
87139455
14630474
41677278
18557831
106521546
121380434
73214995
81780085
19679647
123924430
8288570
34164131
96538956
92794258
66983094
4966195
112989900
59010479
23119052
93816687
13026502
18201231
95952340
122929092
2639881
69347922
103130073
62270
107808395
77043196
93420764
20533114
1366229
47805397
72561869
105872911
95528975
70847977
112276071
114528878
2698872
75339307
14173826
98409973
61918228
10537485
22872456
80913953
25968755
105552808
95436877
105566953
24115011
112441184
127450380
97485354
102029528
128651052
33341933
69678133
59052397
100816771
58018732
71003807
98544679
42616122
28851987
50865754
51299692
33477083
80990209
24705602
14937543
130421376
71740559
119255697
104229509
69244650
58069024
86064612
7612681
41279061
41700072
47968156
39090381
104709659
106565388
79482899
47100785
26780582
113160851
18624723
82480733
121503458
121886279
34120028
113241681
11106778
24598029
14102877
73004246
114942248
59266838
123490456
19162583
103527609
54326659
498317
119137476
133452269
126743735
125558621
17838569
4819507
46771724
110636822
14756325
86962383
79754412
106692833
103417659
21615536
27287458
110163764
75196824
23898026
123928361
117600868
5209508
73720251
41856420
98689000
127054194
120160693
104286033
57879455
49763178
81400583
64952415
77528170
59062670
90647441
88711437
10470711
131480180
111144708
20425605
66641332
100802078
83398013
35356484
21766641
23874373
13047109
111704129
107368205
44507771
64477615
89215468
4614900
65294289
84803757
108986070
58586024
29098837
122815942
98125420
59170184
105079392
122499893
129263520
27749224
116532201
19657907
117032328
57895550
11955410
33449129
59840885
132735441
132014389
55819104
63977763
96329027
33739238
64466140
15448141
63233274
18860225
24067876
60901772
54450255
47652013
92849403
83267071
62168081
115828254
110652703
35345504
54222041
31262891
128292579
73778387
92307582
102679960
50576718
19762823
57623152
1557606
3255603
22670427
114685606
41566822
27002418
9976238
28271352
78038758
22675591
131931612
125466546
86343340
114570720
16234017
22122478
59370407
88425276
122982046
116268192
46627371
88581165
21753739
68126842
107075708
16863548
120236949
75499699
75531708
120433295
70884420
38480465
89112918
54943359
41828286
50166810
72455791
43402525
25318898
82093379
47348043
43448685
39331432
101222454
86758777
99852188
31502493
97794119
43423358
22238271
119457931
36988969
43731778
115896431
59492646
52354690
65370579
9875427
80858297
74777147
103655652
