53294411
96141730
64119231
66126754
58489111
126318130
94783936
89791242
104654361
7672961
105879394
666532
128663925
31368202
116221109
116901112
132789806
74666574
80499923
16553287
68072173
100032102
62532968
67227610
14526113
68069494
63096848
93274383
99622158
6606894
17430535
20166759
84605037
8171610
59221961
14442254
46002712
12140673
74313423
79363516
87204686
35882918
101619617
81609607
23375570
10202928
105753416
127329778
24192906
37583023
133558933
51491405
78717145
50460836
74902383
73008032
74217950
33277411
58446800
61132657
130110636
43963260
31720336
71452813
77075301
72423329
80007622
70492736
104050082
105634808
60697218
5197827
60409179
27165070
88294730
98682283
92701901
43755915
12529986
71304873
70400974
32128642
133896587
56125217
85352227
17817056
63627057
91906514
116016374
89639807
9425927
45469519
106004133
7274239
95174606
119935253
6860688
45084174
30461037
84426973
89014396
96814234
44908855
73433286
16118339
24097963
50544570
102710940
44669116
73380134
60385858
112857236
78063859
74405268
58475227
86059014
33564707
5949107
89610777
128077275
90194946
117178682
30613510
63696343
27156051
94927255
68615756
128590475
76541156
126356591
28417979
110571864
36414170
101276131
101594883
9499427
32437792
39781385
38810834
8546231
120780420
130566066
66747824
46948105
71963711
8087327
57455670
108126055
118131179
20892963
10175804
63772359
93904254
3558834
25681912
33505673
10058683
127267405
73189862
55874897
79592262
8893629
116605273
87512147
58196125
117618401
39549461
116640746
90145203
89523185
99893851
71746459
120406128
64005609
1992205
69984936
48436303
68730645
70484900
84337789
6652981
69262348
23106661
85222155
117749834
16752386
11804453
62235673
129982571
61280353
41429885
27305138
55573180
1313763
48442562
125862157
26037151
35157079
106164864
59278759
53273467
86270913
48817926
107075166
62439817
648852
51402199
6863224
19337929
120276455
58934021
107659317
126394928
16272283
121022549
20428766
38485918
17938663
32582005
3038357
44629355
127552050
26680268
2621851
82654293
113252961
12182747
43816657
121832699
120769636
35394928
59208961
40798363
105371422
28013566
26990904
113868839
42642336
110702070
44432891
112593280
32447113
106555786
82051802
6199159
90406984
26990890
3666460
21471556
38760653
130597960
111783838
113570718
116947376
83490321
44468268
62240460
120706528
23484245
99921496
102016436
108236075
90881566
35555516
62346554
101395086
39502460
35096285
7056692
103371116
98477377
109196573
10804474
127894368
103655201
25489812
5408673
95189727
99979475
66638990
49038300
77129244
99183781
117503537
35437713
133534039
91118379
47407980
79465149
79899414
21011884
8205636
14431442
114780313
26725754
119425372
93523375
57133161
106756251
51996554
65558876
30094140
26129499
118101840
117517093
101294973
112086421
85955585
55909546
25223999
13058548
130956158
1211970
76938443
122285308
45509885
109619036
119918851
62955354
105774343
17941333
38529339
90122882
121150570
82885342
16514130
85467257
67401381
45113344
66924766
35392020
71569660
47944443
32702512
99000262
29486733
16419748
110467773
55363458
104699010
20147261
65678308
129989650
108142947
72037523
20627652
16000607
38573463
87164976
25837087
21052073
56999405
44517583
42780006
100170715
63745664
29356291
13943307
32693362
76678546
68582431
23494187
78538300
55424329
90631282
48523307
24166531
20884627
93167436
10326356
96578330
67958145
12291133
67969722
49880295
52629748
70695415
103945978
52060714
24664084
104455231
97758036
73404232
38602640
78810474
131161730
12784337
24752830
2678467
94671607
91926163
37629525
115334081
59716598
108006090
20170249
109251741
20480541
23417222
129487874
59350690
73120986
73900981
133035471
48663561
94653142
52810311
50620997
50684391
118890657
58150140
118413911
75238386
43534027
56526776
116644620
124452211
133303495
29156047
69411196
36206039
21546392
109543490
71090279
119202826
99425261
66879733
60397464
39829453
105149497
123179075
131055263
4878265
124890519
82377552
70533281
48025666
95603340
108904126
95266533
37086818
113795684
49144762
30643768
106554782
18767943
6720148
77764585
58689116
133522150
70143738
38821867
111648012
44333033
69698002
113748259
20345774
110074764
35729279
227677
49846249
84827544
61959397
5440255
28121390
59267110
93333848
74318178
11100493
87849257
65103696
25106529
107744814
124337445
93670489
101098023
24365098
133779716
62223119
101036641
103033570
34361111
122945448
127243869
102017113
22867985
13983827
102400987
64391080
96590092
84310505
71578490
33469596
50364659
63028420
68596532
19932902
74112069
67430520
110582592
90737211
110523286
50519311
73962359
131473065
63209701
74394023
37470479
104095450
24004130
32263097
5207817
113274383
18925350
20406954
119651171
113128781
128120411
20065840
77515888
76347654
132513318
114306508
126135651
47869664
7786321
130920171
101150335
118509553
18180589
71594557
91749336
54128667
86556611
97055004
114582154
44781855
105584894
42005092
57557943
60910613
59720034
66875892
30784172
12356125
80836275
27456735
8235370
113387523
107107277
4922560
10267493
123574867
77559409
8661560
58580061
334423
35210315
53893901
118542985
93465316
2107243
67388772
116979037
49186134
48196322
13524150
15987669
59124032
110961502
93215070
105340035
36965398
86542438
26702229
85944510
90668849
96706320
17084584
22786925
33606927
115051487
9606815
120099502
11312419
14177523
34776522
15622998
97823708
92515471
101292736
98089500
114018459
103991840
84769440
29316131
97558131
41952917
25248839
31859904
93581948
120259913
15192535
61715457
5209576
61709092
98775842
50078781
58017833
124242968
42439313
122190553
90542915
50847658
11237424
86478314
132602036
5564127
69168486
124045656
18399631
30178736
106135110
126163374
121824929
4557743
51821950
75823418
130095419
97397609
116403294
108839675
105002238
59873833
86333402
63930175
92941759
65618999
96179681
70840991
34400295
98135557
25101345
78824912
57689177
89473380
119687541
43285252
96810063
115167108
105097297
98073860
72048879
83695256
102842692
77049397
106783772
115249399
116760904
117563279
112248157
30696619
80090477
26393821
36286494
358701
17998047
94993888
60564114
80722830
11860385
94255416
23996672
29554096
61229383
99252096
38615389
95236338
77438299
116719790
125595785
7643643
102056563
53495037
57635248
104656092
45831298
102041518
48957861
94860596
16069303
123515756
19254994
30809929
11575255
25486442
20636470
48804703
28893755
37636445
5421121
12015795
1642086
110523126
58844414
12545047
82229743
113969135
36904966
46189722
127686246
93848560
86582583
89488127
38531991
63282278
10791886
36088749
79363067
3917893
73869642
94866566
32692175
84432959
82889536
92199575
15697693
66542350
96761918
118032940
40713647
57530038
131992382
123164982
92431188
74816351
34754880
86652822
35093342
36855641
88941944
56132129
84392574
12617341
111287356
63125075
81274147
78925388
128839799
19282858
55992220
16435056
61317866
91611295
88372166
105644902
126244642
51694186
43049925
128113766
113361859
27276711
122613211
113877185
121679107
98256929
13029688
48885910
29153684
90249428
16537258
37712430
37918176
120603663
39369028
4660212
82292002
114362038
9269965
63521190
16934535
98391968
54568245
63752679
70001464
13797796
115196696
115521299
16176933
126084158
88572829
108403876
105847625
69201080
89312722
18371038
31492685
15019706
97845012
74331913
4518929
42397571
114732948
23763537
93348400
129210223
90741059
74950852
29600155
125366182
20841466
110688842
79458557
14978753
59797575
34164090
33919977
80384044
44031308
18131731
3675175
29223759
6647144
51337341
27625247
66987231
77974221
121708316
19589919
87311173
18721109
84153829
74143528
31896474
77604955
67171117
52291305
37333928
115651882
74862415
7019744
11419395
79135651
97867527
27219773
62939257
3859830
79614806
68959919
46629551
52667049
51796132
9954509
82383656
70560363
119598551
117335566
1500564
26586855
89890978
100713691
784097
7822469
105668068
25420657
108811027
131621298
94232574
54397330
76319996
94179012
12609433
38160673
109309490
127552563
117944400
30992615
55616256
25663696
41288659
75058693
122298731
91601644
3060196
10322092
39237156
66827858
104436940
2817306
128489362
73448775
43250579
64676035
34231495
102605846
21588211
77828044
48864955
77088641
16220953
84520231
86349430
97350586
105424690
78060158
52931480
9691776
123346334
102772309
13604925
31884337
46916285
55403384
39569619
84757660
123043918
110559913
16814121
133147297
44448199
74559308
43415153
5142741
71107169
80538252
50498797
55529267
95812142
54682295
94528012
37239272
49447399
49337990
86239553
82018216
33107134
50823381
95688412
28951806
84162349
62716639
40511441
83486525
21820201
38413923
66642198
16355378
125172179
65798734
50255122
7502632
64341544
9162255
15562563
30441332
128002031
15737906
103464892
72184472
124072505
127067920
22755507
91106983
132380016
11057774
56142053
14504177
38426972
79084042
20423886
48845831
93979078
56101340
117991952
17144121
20589965
109143044
111931819
120649997
47078356
3571958
69186095
50349511
303331
96949877
118970942
77710155
123677477
37039795
64218627
32323942
127019466
11798591
63280077
15779210
60727914
57907778
52466177
87074435
60016046
11470638
118982508
42122390
52872432
94853628
129869880
90177602
23981217
42962628
116048292
113677213
98651592
112275567
102518322
50464017
87374762
34512206
29634581
38475402
108628096
98205907
108272686
39297779
84375956
