119493676
11679906
77993838
64454717
16268278
56501848
124421999
73271837
99518562
73115935
116323766
123198666
33191113
40127692
96163628
32756867
27827125
73464434
100363251
78007787
3852756
19825835
63314213
60923655
113987080
76937457
52050625
126375022
94028529
96300623
81780486
103688424
76204910
129099588
75042361
94855669
77790056
112465368
55560569
65142765
129533876
86503387
101807168
29910739
101444760
104364446
75849536
33054565
88072043
11808550
82855384
92591535
75696526
26986623
74938910
48157625
51141052
118927779
39856226
59254215
49443273
92759841
30450531
82480681
77532107
119329907
32581196
131538581
76820256
48169179
95397324
32184561
123122645
88359089
102415658
92972560
17227881
70396763
127888112
7290032
81371850
128026231
14250835
68094472
24570945
10177865
130775315
48607033
76854287
130151501
127120800
119136535
104275232
110134926
124463042
32899004
75528254
93869700
77781620
115502706
128412636
101036959
13258776
105199688
6669866
124545255
66654576
130646706
7408373
132133901
21901312
30893783
132372117
26659988
37761395
120881849
107127753
12809589
38886144
111335527
125684475
34718097
21200016
65738248
35676660
38567594
54501050
99789779
76118952
117076485
6090411
102970092
17871487
131247119
23711481
75920118
47681560
119237488
38492002
119098597
66262056
119209596
1276825
44408707
122015820
46476948
102310456
17071795
77281757
3185257
113550941
99114114
22789934
56832024
117726553
53544496
44080423
103484653
5390428
95479709
42880630
91299714
68837716
2300188
79496372
113072433
106166709
118442907
100215213
41899306
82032053
43963557
47962092
116345748
119202638
79424590
99888935
24240701
114495528
63961161
100783708
55290843
124763024
12248390
66772954
69215765
57202232
14799948
27491733
24520170
97234023
69408047
72292612
14819533
16626836
21437004
78920896
31681355
28970881
20067541
129261193
87693496
108099887
16967573
91501496
50023655
2862606
43247135
22269250
16382481
56152758
121375530
101404121
52156163
88942070
65194936
55065719
129910811
85597961
10648130
58501567
4440460
105662682
131935676
63951152
127732649
102405156
114386536
122644610
43948974
64151376
39995298
110078723
83984525
102439860
2570719
14509309
2665041
91389147
120365901
112483638
81617124
75142045
63831178
123823307
4517206
54712777
97093472
91062982
103537139
25964861
7805627
131612446
21038576
98162529
92027066
46357063
30844718
86359520
128844273
114331688
72411814
125228576
52128682
118362651
115596497
64317765
107736084
24699984
130985057
81111401
53496705
18727129
56422537
81867291
124648583
117637781
126755451
75068490
13089770
132130724
133370792
67873501
128276825
78474202
102975083
60357705
59847117
84803987
74644998
127320186
113930433
115811765
103557253
15622899
47384481
88944906
124059244
84132770
92659556
96380368
87385183
128957071
19994766
3850059
58418364
88957828
124961041
74796330
126864305
38445525
110211024
113001682
53246362
31476757
6816591
69945351
44526395
72835126
82212800
18661480
84701957
53182476
31169319
113011030
67632243
89098665
68178908
87339277
5264771
102610214
27139583
63560224
101414372
43932531
132836998
28553662
23913133
8994897
71632027
40654072
53196247
131695837
159786
116348500
89838881
84670951
123268073
22631213
77983496
99479519
112247581
94496876
89544019
48009171
118747023
18447087
34023646
92870083
117928999
76878742
50111517
82589247
124749330
29427211
98294637
51522861
87374005
27445695
128470612
131536885
3058143
7130673
99169404
39409115
55614576
5340845
77099961
63200570
133659065
63013342
68532440
105531038
47665342
31571313
49149445
109921377
21915948
102005784
3448731
39433677
74251807
36930931
101543280
104180040
66573459
52623935
108601055
29840834
114556487
16971639
11366909
85845460
128001412
66424769
121323434
56991997
55245402
79586993
62539559
52340332
98346946
25535245
49626965
124355232
32036359
91299099
83154160
2919744
99527335
46275809
17550156
54855257
47652308
113884823
13222360
57714792
26841527
72855530
74924103
19083958
18913148
56387833
5665188
86535264
16579150
54619593
122359598
2788014
53830826
95274685
129249372
114404997
78807717
29331575
15475364
24192046
55904477
54460586
12681822
59185555
132580712
22670201
113105532
103527667
100153589
23849633
79728339
23652143
46966267
20535215
56288159
89178320
48777502
25896748
59234312
117613234
121708544
75920077
109572262
2798930
85428570
115574858
63810355
28859297
121802762
65192373
67542224
49242048
132645701
40676722
67443987
32872429
52155686
133113208
84036624
9109023
61415342
74190164
51304824
96117359
64814288
126055132
67945680
82517461
17149693
33076264
94211648
79326617
86119135
90483833
16419215
101549636
9464551
121366394
100380662
118891721
62965783
37637350
125440946
120914797
15220401
58355706
96547476
46481169
55741774
117754197
38120983
3840755
95253036
64767116
132939375
10721466
77503513
110366480
110133703
92625133
56407672
111204053
2917421
31580670
40038761
94390164
108929265
34825703
9818835
130318494
19418625
41807358
67931254
74149365
26388502
86505003
85395343
25068044
117000004
120989478
122981035
100266534
122016051
98266530
25285392
4317775
69777428
85857185
76438079
60279741
99384188
17522546
125853961
101573695
20684360
34849547
51716854
74276452
101627081
35379080
128488258
23143961
108322937
82608891
3708964
82247647
102773018
120147689
133844190
41457714
20871004
94109889
98131995
92027535
24762501
117002856
40576916
103748650
71765096
38682610
131575743
125021321
72188552
93415582
39909176
50861206
11080672
66267191
83498566
91361143
69744644
8929438
19328866
62911420
53213922
61633929
23216285
128725952
134055474
73282572
90322947
58449237
48865264
24701656
116373851
66535255
125519982
37789697
6876355
71871854
85652487
74506970
101736236
11136956
64826802
126131377
65356194
42600679
133633493
73398455
102156365
13948666
16975047
99558829
816121
60023797
53913137
89447476
125089753
133403859
122016168
129155048
126938630
96936377
38724983
42066489
37393501
91117078
96044936
26190519
99234173
84323020
53749713
98009518
109337339
97527288
58128328
21869688
99252732
113546106
117877706
74696427
18882821
133999474
49592496
35582250
128987189
25064385
132836879
57358963
28487934
76788644
69217748
76940222
61759610
78596432
10051038
62848929
73631065
115271182
3892654
5496006
92814529
14242140
109465275
70388373
127634487
16127388
84061525
49645365
131962879
32044378
17195314
121732079
18717246
87414328
8911361
4315935
30774009
107301426
100045583
24202596
132842
61716722
25216858
67045075
56259425
123896455
63549219
109703442
29609128
31003994
97688115
90133007
79274560
87874679
73811051
62161151
1555759
4573441
57309481
33820444
117444869
94973149
104815775
84186266
8136884
19461645
33853906
93636342
60980362
96438900
24871466
129729343
5914753
115663180
94167945
42551784
70219701
93164101
119636001
92351364
30894906
96688622
113301986
58679571
29235846
52783080
22980597
24514027
32107294
24981206
32530481
83860337
107940841
73129232
60835916
38949905
10149643
72553789
77383673
91670466
93569627
28148565
88737878
35300222
82038316
8101369
41359527
125878904
82413218
101847890
109543041
60701915
51355078
5624294
108094246
129871073
12835624
95083980
43020262
132382073
39098471
16573907
130046348
44267702
49316770
453021
70107490
44974473
114011464
110741761
79650674
15859035
16376338
119602025
93060983
62903335
106691898
97281597
127537229
127534797
7276486
90316858
97102893
18230322
125202466
40307899
55062399
68169481
85894633
57414806
128947050
29530865
9232222
75121676
30099537
68947397
90787798
10854683
24058106
58867476
67605765
93860226
9946639
4925591
130239354
51858593
96402630
36443618
28424886
1733420
95399852
97639680
88921947
131271873
111988828
117053510
122384133
49691492
98856342
64505400
15720970
107387539
46255225
5264538
52724413
113617790
131235279
121361121
47297266
121369635
70369202
109124234
87852013
10457320
102832866
60030770
38432896
103210683
123646380
123126563
52017659
57396950
11283073
20059229
57044162
75371236
19399103
97062752
120656155
121319402
108362754
14523687
40145735
66320605
122985045
132440760
87879792
78182215
108151401
5620209
54927613
68423990
54691620
13045173
4648809
63196467
102184391
118218624
120946666
57767707
69361540
3453775
6283598
20049414
55485699
10199429
103758028
3208205
131806357
30494744
23545317
84805369
5079859
20867346
101270174
63498768
71101559
40714697
82946575
43451089
23058071
101511193
98856272
59915917
85397015
87157521
83975882
19830359
121866361
10307475
74705472
114656200
13334203
3256351
100964236
4540012
27224083
29985580
60301094
76727950
98426099
65363475
5477777
36270963
59423455
52075651
13392990
17864241
77834073
36000874
99436760
114460977
75424513
76784906
12289213
72823925
48394654
46018569
128962005
64289895
44774587
84113148
38014852
98418428
6925927
115999777
46439521
104692940
36876838
26833318
80796133
8727647
39295999
14261914
126116649
120268813
55787529
3302437
78310074
121338138
43339912
12276764
18872965
23666852
125001968
116885625
37623427
70584023
39145590
65633469
128587068
23342
15113553
132194707
20745797
100168884
110652906
8397983
102939017
104245814
38529531
31705092
5176144
57095404
115396114
45703856
23550662
61778682
65792165
109248745
4856564
62806682
129223190
131582063
78575711
462974
109299157
107203215
53826038
47520687
38776042
36111678
70574436
124661816
33492601
5902802
132936026
68510737
87044953
9405876
20039349
73252597
50792448
130840695
85309178
