2047942
82449330
72361815
122400245
42847861
107946828
53085963
29057713
133308367
103882910
18161230
94556389
35333011
84099192
24730
39197254
11528787
127750334
87802605
24208122
34976929
88879273
3864483
127788425
67254081
23033940
2158335
75188321
117333145
90365182
57697085
66984549
119834184
92485981
39014507
102201581
32161391
78640073
101678272
9491820
92458999
26121638
60011796
64136706
64097035
123489257
34500057
121248711
122111099
10309166
21123043
67943321
73569386
70356126
40019099
105497758
83746954
44953638
40376254
63020220
109118802
106668972
43845306
106753679
114394718
29338124
18545853
92630415
45032009
86174042
29918692
44471821
45808305
45407907
27776648
26616433
90489564
121471850
59642037
5783288
15878172
70903010
28866121
20316131
93424240
26683848
38635280
116603086
123666425
87379682
17911651
74362993
334262
59560306
94924982
75673575
23167363
11200085
111472728
380574
74909953
930394
109132750
13797867
66023477
76842597
57446890
22901718
55822289
101100894
73832142
117390380
114298521
47601619
128808288
21098850
81370275
84125841
68118235
110423661
74114998
129932259
43006929
26037866
116713146
25375832
57968229
12017375
106826021
87432233
46056170
110889865
53189743
18137152
49818902
64358648
33246551
67249431
66960835
62883550
107665104
101122655
48971352
15180587
46131143
127780394
50343476
131384849
2335312
79104795
53423042
37539835
105907558
59904564
111050904
100562603
20701694
124817913
104471463
43868673
25014361
63689789
74449967
103414716
71774804
22392870
72801388
35252175
56112188
18911215
86153727
50138917
12911633
26340310
5924218
49117725
85862906
51728420
134166228
21074221
55047192
66265492
78037604
6150555
69976248
32035822
46149379
123271902
47167762
88869447
101984046
131245973
20252426
97969423
55526468
48847327
12672042
133363135
72782023
33006382
71783462
18857618
4676036
87011133
24418688
20661342
72424397
108369356
50660918
130438598
76454779
37138771
85958101
100619532
111299293
113158101
44287841
20841263
119179291
122798463
60920330
18770894
98337422
19190422
10532703
121066060
128948464
117386536
16102960
123605227
548822
74369564
93346362
68487681
24935841
109574664
116419591
113032723
3247347
58463234
8234744
86421092
128267730
58330598
101373650
71002552
116485575
28756984
131658278
127505132
54257814
14094409
92759276
31506899
29607078
17206957
13422715
9026278
2682565
37950020
90192389
58837514
64486138
102916841
90887584
77503286
32670761
125945730
3074822
47482397
123904389
114382508
57523486
106578032
11509814
60207579
112760883
21111937
31343884
39070183
33642401
15629146
479550
64202633
56201522
71635337
132677260
127510055
87914041
85930712
131771889
68363752
100770461
43139291
108030233
111314519
117860228
35078795
111886989
124083685
39299578
123374870
120873571
33004536
48297911
28041312
20187445
44296003
63347473
50620521
34905172
14659577
125838264
116394391
551865
66197856
44051867
111057229
107998019
55121497
57602981
22768814
12644174
98976975
7865930
102314022
86511537
73725936
29961612
77466179
6426208
79012450
129691030
133150121
98834498
104487573
68325717
11946239
66421450
65808391
39372595
67224419
5762089
86791657
25930218
47783749
106268777
110917902
111713901
59505478
91544346
124540806
74680581
18904891
67109593
116185470
77966496
107055025
86511073
7022639
73715735
101729963
16840942
99581000
35967901
41907394
120430158
7409737
27329143
81369637
130812537
83829122
122745746
110721239
25597309
127048781
89573082
105871276
71571955
57190026
10640707
10630911
50096413
41085339
11094398
56477968
34359572
17205945
5723470
65609128
4657961
77432174
74090131
16583654
60546283
57053415
126993025
76835624
45187755
15692982
23293698
111381754
129503376
118403893
44653959
61159943
38480742
92189637
104368502
103574316
59743093
34488941
83821316
87319424
61092262
34553691
106730670
37273437
49274957
117118277
102294719
1728588
94673624
103106878
42451952
74986175
40569518
72692771
126184871
34063656
4874857
116078706
106033947
117146284
46189956
59951702
126342633
109327577
26222323
94009009
106434181
56247994
7985339
7023805
16953735
93652279
96998893
53504424
78498781
131123417
129041319
8348128
93791865
92886409
83191411
29407631
10657513
112396186
10240636
74368586
27561863
31122403
128867065
16577899
86627746
4059676
83275271
100904835
90925820
100966290
25112379
68210010
49669461
96198057
118544065
128538888
15454183
30359379
28960674
126303131
110853332
115506133
37484826
48072475
131906250
97858970
99856010
109425251
76170017
51376237
60175363
106704984
12536606
43050794
8272805
72687457
22343947
2808717
116587769
108889935
70501223
61824491
9239805
79464858
121302702
132655889
36238827
73853740
99314589
111581382
79768891
13126527
19864435
116148395
34609602
54363245
7283486
60570809
86052262
21550599
77656685
127540199
120388742
71241454
62780092
108743003
21830978
124001597
23914766
100545226
21196913
14962857
60850954
10952825
90905438
103668209
8999154
133017970
16297022
11463821
25360183
86999892
115378732
20083426
91501335
18783648
44220492
737602
122596861
43723422
83162990
120878625
35112005
16063836
73478371
9264208
79973786
131285127
8704346
108028612
44800375
16480321
22122002
59806558
100630617
121907471
94157217
18608242
95374795
127736715
116126915
68192447
14149633
91829051
9310825
53565930
101938828
15292453
1910020
116479771
24678507
132957157
37223046
117288548
42778536
77539179
102748885
113580034
68319540
43004056
48829311
100838876
128801377
77307993
107139463
31516591
12621030
67719940
62064467
52585841
23929046
88408845
84877588
78267977
40099871
44518663
19341390
38042635
133428925
50768919
60084779
19930628
120276350
25973883
116873814
109108613
79284248
15630444
30126729
82120769
123427681
108103453
32327467
10898689
76510874
38107232
88505897
134199835
16544159
57761055
24461893
112319267
31475146
121471029
372125
83465961
123209949
94632466
31228325
58697470
58967738
114787026
60348247
132835103
127102523
64661907
115050417
80299086
95294805
88419822
110187307
44207030
1201902
123430069
55274246
22963040
45547919
329437
70833477
28203135
59142494
80015977
52717346
70723544
118033370
3488029
27909045
104582392
129753124
65216056
83230772
3535066
110326753
3583906
100082799
91325136
117237479
9791418
6248775
130136853
50359852
136688
92975201
26469411
110137661
105838292
113742117
50847126
22839247
10130596
58570309
35914992
12559162
12622784
72753826
20091784
35224492
64628131
82388572
110104298
131795933
116964542
85634176
91552481
63344221
60587608
11717648
76655586
35668395
64334238
5182763
111846942
43701783
63807795
47796873
21310243
91628634
46513852
120048703
86105721
19586967
26128554
124551212
33079772
14432935
6159884
19225874
7872723
98969152
124526343
129275293
61180285
94179831
97109816
67008084
59141801
85494698
105303047
17751897
70451962
120277268
95286240
106995100
10570120
44119647
102735421
33954772
78047637
106339594
76450630
84283983
62792273
72492203
33957832
602119
21707878
130091797
61467580
8675861
120128785
25890186
101391133
30300171
121428839
98556543
15781431
22628487
6599414
130608236
93354926
87625097
56211132
18204779
69345869
98354803
98740740
18151433
118581344
96862104
86903987
97718251
37080375
37108440
5734862
384266
65525628
10079069
109741107
85886673
3724804
2932490
13086222
96702256
36214189
65711919
70943918
60286136
94609986
15860907
11099168
106327850
84608670
98231413
34594170
45098625
97594309
14129107
47053111
52988049
11050763
77670859
29311984
50160643
63220138
6279488
15801352
110163159
112987234
18791117
72783356
101157317
45682082
2626708
62705105
19904907
36083823
124219333
21624231
44714631
93428458
7576965
15182753
132436542
39440535
110650789
50990634
91269152
126984212
89297260
128305443
79007928
32454387
41284520
1353716
45349876
30065878
33011179
77783880
103482388
110497065
68125833
111787834
79949728
56430898
34336919
19754733
90709302
117124428
43103095
14447455
55885547
130101664
86573745
57913770
123031519
90167131
127936439
102263668
11372353
107764124
14245117
108451466
126089547
27750849
9403357
7364738
120160074
56187855
39125470
67855592
11185027
131755399
10377696
35528726
56724594
3880330
121238311
65626828
64050010
93847528
59604908
20258846
6718441
4503844
62597206
25065499
110894071
24868205
31678887
76306043
97340986
88623212
88234497
38261823
100511570
98039842
99983507
107763328
66415733
84764318
98916113
127808623
117205768
15740109
10282244
37309353
89453893
72418179
52100643
1381852
113370465
54369010
84635319
62436553
60771363
65000760
61953718
100095580
78259840
31349901
118303699
37757753
111270515
119158492
49694529
39174124
15695997
113596214
69754650
105075773
121645310
125589938
120476703
28547501
73478340
38826897
125354877
14677943
45004227
101161110
70361437
29096349
72295757
64063396
103689785
6522704
128650140
11442828
68573736
57390381
52699039
122367997
3481790
131373325
87619593
53966111
122461567
81091837
5075999
46339372
15279785
66387017
124688251
131945545
118832822
113688246
58967291
77731100
126450667
17883787
23273106
65304522
107267694
30278800
124013367
19949535
73248701
53958805
11179661
2084419
48486680
115495545
48290951
111520483
109345185
111633510
117204065
59902118
38535281
53347151
125739544
51683338
46122740
62668445
119515018
40691252
310457
32610310
5169626
54497774
36789393
24222975
121376714
96378520
76180296
67934536
57801200
26170465
17435983
80260371
39136910
80680822
80925177
116278776
