130734837
123124058
24380035
98152181
83880978
23540548
42304709
62245732
117015301
27817618
78364706
102282335
86353145
11407958
27386950
75730356
6200735
64559650
89818537
58187559
71974016
58393179
93502500
102991628
32791837
65533611
110634799
132007778
56640392
131440447
89648428
83415084
120209773
35494099
8660408
133189964
19080488
79430017
130974061
85420601
50165174
130959181
33920029
100373437
33348286
8486251
11339232
45253729
33744939
131432176
116829269
120179356
105355233
108138331
132214907
1410641
40689174
60454530
22586191
49274844
62205299
47994318
87886578
92356348
108812452
91136832
46550148
60018530
104549247
61041305
119098685
73678672
102030709
55082333
75817316
61580084
6995986
35850363
26911454
34269139
47117994
59898479
38455709
77101026
59665728
117026251
56411823
84145894
29931636
108624787
74086090
98820444
95215124
75020945
80741868
79658130
91152588
107161919
80093601
17453438
127521938
40907457
47160628
60087207
102927757
33147424
123423372
118678578
82340048
84513300
4284767
26016043
35156631
51482722
22143697
132475633
21443804
72374166
113152717
36772808
8630783
53575556
44285200
6427718
50183069
70307843
113031234
83418411
76728925
75139085
128141109
78003145
81323552
89020196
92458470
75521795
89858985
53891692
102755714
58466810
10397461
68143295
75005246
94206523
51616525
66217198
121855894
92778721
70851106
130426418
81595147
6458283
100407695
91891500
94973916
37850831
18528143
77502375
74980999
127820355
124957179
98777426
106247477
128015509
44246176
23636176
20296759
11942363
40782365
77538293
6271087
16495467
45443566
11795613
70624344
15871104
94268309
108258702
6137920
54908558
98577233
78325097
33258292
69503570
62600843
68190239
77089667
30013908
97651960
51476159
51687487
31043909
13626564
70653655
3831207
11579959
14375144
124028225
99757681
127238061
58064895
117645870
90086131
5199193
76929064
97103990
17432130
23527766
124535463
55015675
114887180
46719609
72569309
118040359
47702845
41402843
78142203
10376968
17651563
117844757
3921701
6244844
8030655
128472679
39506463
92283563
70765372
79159925
1969508
81158332
81420194
63822875
20671552
107578896
83159916
32928507
74628077
2919211
64211680
51386312
115574410
21559226
126659610
3710
17141099
76116470
1796253
2658536
118780474
8885158
64441878
57331903
98889901
85195612
35452793
70790842
30932406
64478567
1351844
117343851
22877302
127270246
53186124
125866793
102596810
35686217
74002453
103615493
7291042
10268300
59198862
129466658
65322832
100359283
108515693
112382491
45777972
27592343
100950997
63513646
121412611
23719613
103599137
102802059
103684179
73857312
31144506
100262157
73135520
93706618
99652211
76456534
101878187
133799527
33983469
21046350
103537667
106693771
34459694
112410027
133799513
58418689
67652013
1665064
63854701
54221264
16340938
77755022
75163011
70639516
41705400
44246142
54357320
19971907
10506975
38953587
5001269
80850983
38311285
116499381
28094193
18139475
1014863
30391520
49313959
24349666
19249594
134057662
57092197
128893366
70533315
126239253
117395098
65628139
110606203
40922158
84860927
26631348
7736006
11153636
8527205
78377551
63010676
89845663
63419753
71239129
57468911
32069034
99841942
42694906
120089276
10988890
27345460
53989256
76414788
128828880
75116265
23112890
80434361
47109926
40534589
71201607
941122
10976006
120388527
128410031
108270960
48676738
11798487
62712822
44040525
99626163
9637740
55158260
36514014
16263795
118346299
69170500
2331418
15657054
40525937
74398077
51199040
32296594
25318645
30869857
30058780
127121424
88765808
49867987
35543638
39720182
122760826
76676930
64433340
63079531
64672411
61385917
90093220
133905821
31609974
132981925
106669433
124321443
121134470
11909375
54011858
107457975
58187711
67371074
53029201
127261090
39887737
38998504
5488992
19142598
100788803
22072667
119814171
111287139
77585782
74764010
132377465
129576483
57044885
97513538
47867301
15019676
76793895
123329972
59093210
72149469
8199499
89637197
24369394
43761951
71486820
67225593
91907776
51456843
56762118
17540419
117516812
14319061
91534649
11770483
119116999
2178530
105243470
20878223
91996959
24597868
98365908
108485228
124935977
30464833
9596638
96331078
10832785
120280167
60472904
58033847
74480364
101907643
100164961
125419500
69130169
40902256
113275692
76071289
125865309
63713762
42443491
104949174
53596952
114923068
87733487
105262300
45747673
121947913
14263885
86227860
116693252
55634660
15385232
38447996
95067271
108569674
19698393
103235078
29748393
12296155
125300701
68021998
34610469
42168434
2442448
90635990
92161448
15962977
7018150
20792629
90222144
108829921
83268979
103016418
34712399
76859427
102050550
32974750
70158068
126160713
112731094
15005469
65179511
75876686
64864060
25816067
36692993
23161134
120935187
93557858
69454165
36441716
49090722
64693460
120520516
19308636
32707171
48330847
106958559
44992408
50259911
66376179
123662638
83612588
20762856
110520692
57482358
34499803
58941682
23823645
132934677
44323392
10009549
33878741
47572595
95886085
25949550
98464058
114776912
94024578
75848871
15009398
3671663
16293412
114202303
20098116
43157929
40963323
68714574
48608020
60470405
81702430
60249997
76806641
18368321
113796218
8624115
35293046
29448172
99984405
102464071
62221806
12360172
31842676
61392509
75902568
32723765
36388565
113439975
107745670
74344587
37656662
119777391
36494176
53068271
6887182
7969104
42472637
32537444
69353758
27551114
43410341
131080290
23369727
116274354
97256134
60326503
121259896
42687101
107900001
134084056
4249389
67575347
18630513
117661301
57715537
47214818
4549495
38842534
47426235
108808024
97272939
97654504
37354644
14505077
133678677
133761097
67124786
14192526
39434393
60769934
28897240
116268922
47904226
55353495
87223413
69564854
17420491
42423242
43572131
66102126
52218852
90328359
40378594
114684517
35786594
55199350
1061022
30334509
45584076
48534102
92337132
103546472
43865546
73666023
25644107
68250262
45575350
73444593
28174492
103253179
59519212
141042
91251128
88651157
19278160
33980030
349129
129990872
58725902
100328255
119628080
8512229
71421746
82020626
36499388
76477580
115769764
50415658
26827284
4957224
112777895
128901177
81690062
125820009
17204978
113565290
13084199
92885887
93144276
101905235
130587579
115391595
70171577
1597747
113919517
121082074
74699060
70608460
127603159
42746886
37200383
93086799
98547553
37655820
105391553
3682569
128331758
59616472
110337913
101356181
111688512
110048442
79236872
36073708
47697446
66329515
128262841
118103293
61391171
57126740
6139929
92882488
102383488
52089399
96804991
18840398
126309348
78276896
56041487
101271728
29795822
126801927
104805424
39134270
14237809
23067259
46470687
45877133
23045264
8552088
127544233
509315
32683371
34203244
62353626
129872509
38251773
3217818
35461946
85431032
39987921
107583000
1474672
68759605
79320244
21569840
35336252
25266069
19626466
106025290
39604929
113566751
56349627
36349725
74668501
116138533
122139110
105464189
110149696
30359257
21387104
105169972
57113182
16636856
122630761
15187338
58799027
113671601
126895758
49277960
108683378
2086465
130819917
96070339
9385332
32415440
31357608
45236637
87326364
41118379
74429763
40735637
33284903
98319611
93423749
75781563
133678403
100942835
17854516
73702340
30881440
23034491
51066336
43939576
31982899
11603370
49629362
133761169
97631395
36470536
68650671
95850821
126465553
69439629
4157991
89257216
70826369
83571755
41059436
58129832
41322208
83512301
6143431
81421367
13999088
127519487
101016952
2448599
47371961
1538694
127662390
59180341
45644290
21585580
127357291
2625983
61184671
98787709
121256161
54488507
26513146
6274693
22362431
122928771
74350101
58566005
734566
64405077
93981359
33260493
112881870
3806833
82286850
116994437
16651076
31914096
32322446
52038762
33042116
64282693
51689153
10900976
55804553
124657646
39115148
67422188
102873576
124025337
99428357
128344181
45737076
82139801
2451014
14353426
120288106
39019316
56360460
36271021
17266706
91925708
106941545
92144570
74662507
128751841
8070531
120361658
78085192
123336549
100561204
126779450
30417867
88216229
77677735
101903020
121673391
110611419
74667838
113700868
60205974
113115264
56241558
485580
53288754
16846666
74231075
119414312
71954847
107683704
60249060
95858051
11209262
62137858
86252711
99465804
28766074
54677242
36917073
80082198
66079862
83010705
6612451
89507607
111569133
25109632
61241
24240459
99758523
83032555
113371768
110571094
2828188
125642926
61613639
2370684
96888007
132736038
77139726
8586824
108447514
9204349
131806479
47873704
110205571
20852336
130960519
68766800
41769004
93492004
125587310
40947017
82672154
117987483
128661729
74090628
46040525
27393703
102306902
128511849
63267230
69103705
42490549
70874619
98346866
97315042
82030418
121203039
10899342
89140931
67430811
85101880
32856133
123011520
36724744
90173729
119312372
3117662
18244615
119028138
99026478
93996652
63845813
10100755
36971159
67025398
108062889
71426245
121397320
126062667
119904339
123122325
21158322
48555970
69011210
46704186
102646376
131517965
44682215
65185015
61406922
112943363
104026755
57563990
38412862
51204744
107537917
62721974
20308697
128226053
118215128
13098087
86889941
27284895
133351237
9195071
106410961
87543859
82906626
83482219
115735507
15246997
48577709
132451917
84850333
29398898
92025200
4038782
53141812
1590631
118231147
59552834
68026558
