101825921
82550714
118533220
68988734
18086371
120067542
110840768
69074411
44370990
89120870
78113493
127090006
97699441
38342907
16141182
118023032
125841461
44587526
56874904
80445029
93806354
120851346
42549298
116337103
65813717
42196652
1000836
10321140
93902791
81004925
58013968
37775739
79597033
34085894
68298081
81257281
83057553
102264283
102767565
93416900
93572250
61291453
61344639
70079453
46199256
81331331
109044821
98633372
112918590
134157140
106455290
82998616
28367938
8054836
68913299
80949356
69024671
91967245
98998779
104074674
24237618
54413699
11320002
65086221
48088723
55464264
123176871
93152550
83324468
102267116
77559601
104395217
1769315
67979181
93803144
62888667
98827544
70189465
86953565
56554826
70056155
87504957
13149682
72837870
57983394
53388514
2486771
96457969
29584545
79129079
50074302
86784451
29678447
67450275
39739334
16278402
6475733
106396891
22906949
11907615
36101819
108451746
44879605
42985915
84417577
30447094
52013320
37100723
81859976
58063347
25577454
110010608
37734711
53097116
98595015
74726924
31005230
47365860
50280534
18046265
4839403
37176525
54119467
79116763
31926977
127713488
77582419
90195101
32496601
83549775
131178561
13168653
75076240
75133139
79273470
68957976
115610118
35603798
125945773
85422983
48768202
22980726
79905775
95920195
23633908
71622701
311219
111379628
71633434
78573074
5638049
7893050
87740281
84279912
62995251
42080140
36158075
81730458
39866421
10785306
1448026
8355693
13199566
31632090
15630708
34774064
130116152
123687679
65227422
68343189
71585464
81453774
131329656
6792482
118475635
8669641
670631
20748562
1130630
10411293
110870101
124743389
102153319
88288918
79220013
60980456
77541750
6638070
81584902
89245288
110490740
25360794
101987894
56058790
94241122
20000191
101152846
118574165
6045073
3657095
83160257
114465482
54848803
57058462
100159718
74343006
8384610
11875612
120356694
85707961
107781520
105650402
30198167
110859763
62737684
100072920
2842647
627094
103362481
185609
1214491
14802489
33777546
82154605
130013807
7172738
48007253
121123301
15168806
123430156
115332485
97634954
59390947
105531274
111053978
101801019
46706030
113399003
89426889
57537268
56142313
104314930
109147003
105575528
133472352
113062447
123082083
10274697
122624586
70154993
115617677
29501275
9877550
133877720
46722832
41686001
5814631
4958241
112795636
133098844
114917153
41764349
102079877
38123226
57261319
78161725
88388638
1555138
94776208
18550549
92828605
36362766
94703487
101004489
62926530
106146520
125481075
99694013
20938257
115389454
35652263
40184024
5473443
28406849
112972689
67758020
74794659
99009041
35571943
105290697
100964777
12786960
87644312
56636637
29488638
129048071
7329783
111927092
24316472
99008170
70960873
41859467
10978631
111361962
77721339
69847040
114442554
30905656
112544335
86029629
91417014
63538187
89110146
51264307
107948488
108169229
36202124
29113403
44201954
102642626
5787179
124508688
124068531
84927411
99460024
57874595
73883461
80240330
68655911
34581452
27722691
28224833
64670704
58813488
111541789
80830153
78976126
3112816
133083391
63242859
72593225
42255702
128197747
70002473
59205531
115119959
111780593
121908654
129105314
91733204
97917913
78907386
86839769
49306126
70775911
14270282
71686154
2792481
83224442
20246244
97785501
20351117
62703601
102579996
20287898
122628944
131091117
120234064
8981053
23778526
130327132
107340739
103168398
90939211
113301522
26553847
61195090
12535109
117336009
17342838
112964866
126869039
122149910
58411733
124235418
63627127
124799218
123996216
128645746
125214489
97598007
126376392
57866776
129072727
32877938
25667745
85115120
95356697
8158793
16417195
43754599
44691630
10808099
109508721
38392730
17955986
54948942
22732867
63843156
1915429
12493810
31007994
126102495
24803461
48820989
95528618
37989457
3324532
108380009
71996879
19489221
37596993
116884050
103423401
90423248
95793718
114565887
122614438
127188082
45661018
122248908
61475824
34697191
76449918
107495401
116708047
58484766
37590507
122988896
6235632
39971251
1802254
71735802
46818935
42009146
8705515
123680255
44657735
22464663
25625851
82196587
48602731
10682023
55928000
2763662
117755581
121287102
96364220
17439936
18830522
128255886
114074976
52890163
35368240
130967483
21660540
83488323
3794232
131021874
89602017
38973045
62613206
122060631
105766526
5068527
115387817
113826796
77517716
119815260
131030992
54108520
110220978
70614698
86303508
69235149
133351243
47891832
73665053
58965897
24887146
63495196
45416034
77362377
17747100
66815018
25917352
123641638
66408094
129062976
104857874
26439697
105770089
103323265
100417447
26230689
59697127
62640622
32891381
120426396
126684808
6844356
24720048
124383526
132545087
87647016
3817359
3569692
25154023
36129303
44813466
11885428
72558799
118597704
105804578
126875259
108302883
48484191
9342004
105790878
4176415
46702123
76129052
86281481
80808077
20949133
67141397
40300573
12197279
52081691
97459641
92593428
63743300
28050460
115123694
5244936
39519062
103307521
66403521
23447411
38128724
59996150
128976573
122996030
30120347
116390041
129297603
16863914
53963230
102540280
29167987
31328586
34508343
47572400
77451398
89054895
89352135
11767016
49790581
98335698
10495822
109451236
78562836
27827105
5219007
19903350
32731641
3246828
62667874
25130141
16052141
54849966
72576595
69655360
14035483
127684994
21978640
81812961
124561884
34240397
23910005
665904
6775884
101573485
112897230
18938108
11788621
3915523
95977940
132488115
123273122
61628094
95441114
48997817
42184624
80535313
77812492
120343544
105740162
109268516
133260873
69150020
53242861
85364361
25702462
81085525
117117547
12669722
64077791
112540153
89021682
85416487
108043018
91566961
15393976
55946733
11586631
24558387
67470365
99055556
66726924
73179632
100243410
106792502
132344331
8477488
81584039
58938900
52340459
5471591
120544106
6466154
76216896
17375081
42860868
6415506
28996182
79153714
66577500
30186650
131421933
64981892
94108199
127333099
9199656
66772702
49937533
26578401
62510628
106013602
55924135
98915817
78633583
5352479
103168715
47727598
132618523
43119314
87529675
132743816
21081681
90582571
118430650
98820386
104867880
12428024
77949380
129828996
72992318
127570630
46042242
68722748
43053652
20778957
16558471
6804048
116820132
20842484
16372183
4476176
23482254
44335587
69755081
104143975
92437432
133341578
77050412
64607568
22682139
18400339
92267928
122197603
79180028
104897301
9786989
69279717
50553028
105877405
44765636
81668157
42219683
54281388
122685137
112413446
62450058
78575333
108184633
107597601
43003611
79871455
45882672
56779068
42465964
107690001
74113481
15478842
66370965
89565748
124029024
35539143
71925165
112802724
110288945
130202814
25811998
99520888
45560319
49825487
32938439
44484686
98516850
55818980
49780790
78360350
107456005
86944748
26292497
68019683
91153114
41820693
61443219
4155704
37190589
40732154
26732189
2001285
51262047
51415312
74776967
53489531
49486346
25141109
89812300
51722403
53034199
118994666
10200785
35008181
105577037
77694195
2764534
46238230
114308484
93028719
52255350
31778935
98621046
111824316
127504234
126786690
66017683
125492706
72320536
100752530
75600714
18656433
49601179
100902710
94551061
61503743
123275070
4498978
124089757
46614797
32018775
114531293
6905110
106634758
17648698
44665883
116937164
111658809
32824715
95477413
45212255
47687713
85679656
93826027
14098442
107546069
64604717
121188283
9588461
102812720
106258397
48052159
125495698
104877709
34317191
97649483
20430172
21160125
97141460
66039549
13850843
71347298
29602700
108299062
70095755
83176078
46968640
113761477
2689111
44191196
53444598
23463066
70911584
84041408
74298031
18084258
48718430
34040125
107847356
113828275
29127618
57284253
27261836
55671430
23132195
98051709
81684061
9009330
75916454
41827485
35039437
92113454
5287434
73117517
3113086
81573935
124085971
16977783
35742909
4648564
118664003
66729278
244488
123711370
71415630
31440198
52428049
111295080
117482105
48006043
126521111
52861590
72773172
108363632
112206965
36532589
103688705
22952126
39086545
87241109
47748719
40782472
22329636
20262333
110915007
48398842
10803880
58307486
77743824
47337932
117553541
57948318
121776960
22567701
64830778
36409578
27404184
1134889
5909820
128861952
31396082
80581333
74770678
43914345
86467002
4316541
35911305
126924062
31952297
96935035
67068842
93241805
43886709
84034731
96897419
62464556
99471971
84725051
119770740
69679714
127696273
112876442
62798576
119305717
78826632
40165431
36503901
40164088
46223199
33882898
62692539
100349255
86734478
35860478
19849032
79804136
8428910
70476942
7910093
86845138
6969757
36920744
23297229
9611226
67730184
72488750
70795697
111702709
79437420
24445524
37082823
58623357
11938618
7587108
132255900
64233730
43894235
89697998
96072861
69440182
4649525
77323014
19490422
105947879
83102410
31779528
57586940
79162091
131851782
132620548
64569133
116792156
2159671
88597449
111486513
22941922
180804
73220817
2927487
69926504
49205844
28534340
71521288
25001462
118211083
29237356
51379241
114452938
13888074
53446423
100375317
97456904
114633289
92118779
105553956
57431042
114770093
122343452
32854795
26098995
122443327
75937572
59388362
107279955
117339136
96848421
42961464
74991330
62672111
90567541
95661469
54780390
66908633
42881424
109894622
28004580
7245844
41515397
3332823
35049714
40093200
