114766166
112021669
69952900
49729375
59497714
98528838
15689375
37999187
46903832
14795167
104775146
15772838
45208313
30366071
89247099
82667172
42871292
45530613
7452594
12066168
45279407
88683374
50985783
39367995
43126480
56039876
116071337
22475863
109164610
106299111
88898120
9617062
23296975
55470806
14434465
25336735
26179146
14228644
98991769
78748191
129140483
100771251
105054946
9358493
57221689
17441460
13299940
91034177
109778086
26437336
41626420
44119988
88861499
70944615
49635793
100729768
71236175
89715729
116993293
7577750
118857041
63723892
27936931
15182246
86434866
67892131
100603564
107718094
45163794
14160817
13604077
107955930
56814776
115776591
109299905
20251419
94866732
7541225
114291514
88546308
77204521
73305279
4237433
114240446
108652495
78058624
32449609
8493856
21402137
115153892
88402859
114802361
3582045
34332330
69508165
47174451
11597212
82777216
44450135
76942684
2251704
90153537
23452819
123210812
87924613
95277015
109427288
99475974
70010734
93893222
95287365
55409163
88340049
36483942
71702145
72404561
49802811
13435493
111221891
70080577
124067085
56649376
19791734
41117592
83606478
87640707
63353045
10174041
75849529
29820268
21890979
19695623
64241135
111756684
687912
1657917
129232350
11769544
21459896
53425668
114030870
27866308
14919090
52528026
69860637
1849186
113861982
26973487
19637033
640170
25528908
53067668
40233701
63036192
617769
33080886
103823850
18149100
41477464
131816209
70953458
5279176
91991805
87547881
120933812
4049505
88050267
115040669
95105126
17449214
21132388
44847882
22150035
35864320
124087236
56734370
72195824
61029339
119169047
121874252
55512289
11811738
133599214
94414606
114938439
65849436
62396441
56419446
82415710
61334314
56181373
125846518
80553617
57424485
37385324
6892847
34447828
92532860
25401503
90493009
128622399
47910424
19335617
82651368
134015503
27718312
105050884
69582603
56747935
12475439
53910007
70407550
79855719
51560996
103795094
115484459
87628311
91027573
44896470
43807968
83918271
40534860
21381756
37858773
34198620
106542542
9701905
79181521
108781380
70608701
87184060
14435811
38974418
115038009
98799550
64928757
100975010
13550732
65138616
108164942
42370831
41899791
119367422
10612690
40657979
29141154
119815358
62497427
71596758
44667111
6926013
11094804
36745287
54910122
22516138
24613110
68582465
15468688
93934580
77754940
14691899
77768859
82544769
126693731
44837443
16640777
16976619
123006345
89679834
90912576
131673494
32934776
29008368
133610888
100001948
120479647
72669623
3829056
38793342
74620184
97695665
58479146
12873614
26608524
94848374
29562157
36948366
78193989
6676106
77191955
38247015
37742567
54033006
50171647
81717477
63689665
101589924
41434828
67104629
49468091
53834882
123208120
79072195
107336464
113295433
2063280
67512677
42701670
77110525
74160983
17751117
73095331
22617965
91305490
81966125
42343886
117419470
66050757
107136454
37288456
103901795
21256651
77407180
130656235
61585435
91614973
124879908
54786630
38853785
111648233
37357028
118964554
33112525
19375039
59008162
13764346
30255441
99406130
23162589
129904582
11560599
124061260
129575834
56504316
78815854
98432316
81841552
13177315
112799548
122637755
90151879
107541024
20096112
42583344
131833236
79950236
72569681
63661293
104114601
74763995
96765071
13721110
48425384
29534598
25621707
55774209
63953766
118938697
22528078
4464795
88946811
133307673
36958629
89044571
99046617
114646966
40538711
109775519
65708980
131161434
59107592
68027762
51792653
3926878
24974451
46069180
94458754
11498180
74220459
4309259
23585521
49310719
114318754
124919273
40410084
43889097
5109712
126732281
107081853
43658806
110205656
4099457
83653935
95753232
22678962
6772218
69068328
35604833
133037946
96385231
77270317
72505745
104455165
69310633
114783339
68459554
69298376
46842430
20019108
8960888
125026996
26372720
33901186
25207623
68972584
3289035
15098925
66015054
94783530
27786625
49232370
133999770
129057891
38961886
63705285
132079847
52916888
57217219
73081588
105835796
34340635
96060017
129372907
22754739
79407414
74178248
88310912
82455438
126861861
3053564
114595202
110734933
118103619
95615622
40931477
21371611
30091328
92460831
34142172
94288386
119829324
66930895
50938412
97561820
132967887
39712365
108253788
7973280
130864479
42481521
47746088
112918238
77263120
22755367
22277805
17327654
65802621
44328413
69528319
130977305
133507661
49516924
1311748
26085852
46533572
3034094
24530181
63149241
53887707
102573588
123981766
33482240
22250066
50136287
118551838
50118839
98602660
48441364
80575453
98228943
69821936
16493361
1974966
56135076
117963264
79157578
120763591
44191974
113868719
580601
20544094
38048899
13779512
127030775
19654518
95343643
132232520
117830839
35575404
90243082
84353046
127688429
109622906
126928182
88767406
77194525
52079671
53228120
124360827
22716892
72457539
128562309
73193394
60912040
10008068
125420687
73490105
32675207
5015578
85056523
114478075
10396199
101935014
133186561
55666089
56504813
54452751
59391645
116300765
27058465
95758293
47505446
88373662
7672543
62742806
16032409
36565716
103760615
62520881
18428264
15665158
91630520
76604588
19875462
76665727
105877321
3289011
117672988
120232778
11284800
60108029
7255843
61496666
90083234
33701398
79317622
17157404
52992282
9339203
92933989
59294081
20622564
26707562
104627001
106004573
120042913
28155211
2193835
102426992
28515054
9346581
91408953
53988157
71646506
24227725
71750472
63415978
85532972
36246602
79416773
23258576
96027000
52675709
132815702
18647736
22204280
73126119
113095122
905286
88584166
55229914
60597595
49317480
74406517
8831475
58186522
126255659
4872536
96667280
35960109
93122619
47840224
9092386
4098794
27950676
106916781
42181252
24204354
20918519
81615640
73836371
120406433
18188134
12166759
112060634
53882152
33399085
86383944
118024634
93257432
3629440
22703109
116133513
123428015
53806056
38275848
114106010
40578471
96883833
126467025
15606332
106450408
43351378
73918471
5594981
109319416
64843317
76499653
108950055
60592304
36491226
50671729
62239092
49292877
80285102
45649124
119783711
131258959
50036049
102523969
16522200
48532552
88676125
98995569
4625987
122872865
3045563
49983320
96023906
17221877
45591865
130725902
76828271
114396157
5648992
12411415
79356240
130852769
127475467
90106926
102118684
69660882
85394827
19746330
25759161
52275136
117558611
99772236
49852038
12923137
61539867
62866187
54546260
43842588
19148480
93041539
78311480
52814961
50416251
82890603
23565629
23965463
3799675
28291643
9567743
123636289
51508749
25335666
34538805
12074638
69121912
132502448
60265455
29529915
51976743
38383464
40953361
86227715
110549412
413648
117688289
106514317
100997167
58817521
108772970
4038480
96828716
124338019
82233455
24031522
119239886
85736789
48438155
122681696
58239464
71815014
10997037
35774088
76130731
106324272
38383242
69621284
59177774
34888775
23738165
60991483
106572660
58714571
115047837
25969162
89911749
14558293
5023141
93416477
34854648
3865689
25658840
60921651
97739484
31440471
32030183
5156228
101556027
31240757
61566815
50022616
67147351
39059491
20711842
63667566
34575414
80192466
53415573
38984512
42925736
73249708
45322797
118151131
16193384
95182702
51013894
3178497
73019712
80890435
58973604
80544700
53221075
46932039
64954265
75178764
49150283
19592462
10477534
118116686
67534099
1200048
8792861
50496995
92835619
38953031
72921044
47971494
128707142
126055177
41522904
74258145
89419117
109310850
9996595
30007314
114763374
81496262
61663933
13029964
28088101
73950329
4811710
130465201
20247396
9829616
113134479
67971104
92227657
53800246
6707269
78590974
115163100
7386129
110796861
50810450
46320898
33037051
10861457
18761919
22199939
58882505
82169057
18476320
96732574
92915870
78835480
113464655
126861157
40882662
102310088
32738836
70748480
5709253
721564
68615012
58271658
68582393
26862155
31236022
49064537
72302819
49572563
40110241
9405182
95362996
81442819
34980143
96531424
15894656
115281229
32832914
43882010
81114053
94040595
22864633
111319604
17737503
71549035
66179152
129053465
130280839
28506435
38900682
53611831
30886175
18183048
122340270
98327733
21498557
30185477
122147321
70154045
114609567
121489853
38146136
126882739
113905830
13442647
103965998
49741566
92324425
86155670
10365903
104286921
5505689
85973818
43458948
111444196
72726691
33588361
74776942
100075676
69937728
31294530
9430137
75160927
106858962
117236961
35010052
38250341
7482898
113127061
53698777
118629488
35771357
129013757
98512368
108755194
25920944
71106214
113645012
28391074
127704547
113697432
51585028
133392969
130750118
48338406
15204357
16027912
37263901
4696021
78211042
112650604
118687263
34532342
93050482
74079054
51247433
72799698
57614116
118251912
44873101
57250074
52487231
34123012
43008602
68512793
39776087
90632676
20620237
8391019
87928572
42270710
34128939
120780803
88017541
50656993
56550885
88250486
58512202
121387392
82767129
25892942
35027632
2246644
60205334
121311209
90076665
81338666
12399406
116439211
108752840
63489204
101625470
129975632
63967111
50725369
15898319
35587511
50828412
33260877
101440971
88894100
128368253
50627982
85238880
102554460
84968480
108844900
16159994
71769684
131867947
34595709
106837200
82739953
117863694
107795873
67389041
77523416
40510386
132174992
51877284
101848048
19806930
106000607
46372618
60387857
119067007
