103815742
11496413
129011677
18965956
79443119
33105271
54963746
82783532
59391533
97091696
126401791
61612533
50455133
28406871
50106508
56504726
14841205
7119536
18447923
86145747
75089936
12199407
63443399
83820672
61486576
115354181
49264407
78519481
6880340
132189455
103309768
81629097
73337162
40181118
14325109
23498775
56066970
122546105
12577580
91292660
59451439
9073779
46609585
9830458
11181293
29534655
108845024
128127473
49514037
48983583
122204806
45502193
6054516
64226767
69345447
66147344
84134331
84080515
63738702
59011539
110381357
52652103
77507642
81553277
71664352
7274228
44342976
49164062
120780351
24203791
62041065
96961055
129870393
12834505
50249317
104523312
121858924
128811434
81020114
125974344
6552513
96247847
65252631
10877429
92228708
77252438
110175786
69370173
75808927
98761930
118611217
41056785
40456257
5526314
22668930
90785019
31627180
84015471
90831644
23776314
112494800
8670393
127519128
49772726
110056659
4904716
21436184
65313808
40526300
15472215
82956333
132694238
62572555
60028184
90748380
125977180
101093986
52583400
72942695
91583206
31756000
11475601
22684929
28058824
40861199
10931476
17584214
8587904
10890582
54450899
80950986
124094863
10917630
37972450
56603363
59588260
51752816
128279512
80143502
96364292
57431523
94506923
127878367
120502463
121217587
93505574
51719482
27978798
48731461
14078673
103194796
18404237
39953826
36990961
95908827
73226090
109595183
35332309
91150561
62422856
82381373
40865991
52023435
6295284
84713032
26256648
110160522
103249338
116894527
83271706
5614311
4472274
69338349
62974245
18356116
11769189
105349791
122913410
46491211
98018676
83420001
2993634
121068457
129778641
120666767
11251258
66688101
17291451
8071168
88749890
74652754
127168904
20485441
31876679
89764298
50270639
106687209
69611655
10905265
50647839
57641815
77703276
132752572
103696375
67093060
11888046
41901842
78871727
102271224
39710254
770542
8277943
18729156
41540001
33235279
3439822
87986118
78414413
58242132
92328605
110087034
80603920
35456400
56523375
121498386
22703208
31122115
133438638
11526963
34102343
3705028
9787341
10398976
99199020
113940242
64894555
102077283
93104918
2057652
34801429
45780233
29556719
112382653
29694302
47067065
5132649
23838833
72133739
36238972
3049451
45040942
72390055
69817854
60715174
127105025
34804521
18292247
43326517
1901270
10039742
13784322
44864067
85719663
104955819
81334675
19932405
24856585
2185673
62176374
66064762
79029758
74924141
23147327
3066267
117952994
96723400
43623035
63330648
32042083
107778519
82967121
46817989
121792169
12723789
21998558
51813027
45771455
103128400
34569969
117365005
33014087
65846775
1541903
119047288
124241531
114098977
19542678
126431513
8909585
122278865
7520990
14601043
46711065
12736176
21903467
22553040
70441021
54453988
122190269
118859350
95950490
107038420
87224000
98883005
5091861
13648158
3419175
91823867
98253292
70631913
40546147
114292121
43551125
72424570
91619987
9349436
44724140
95887910
71710396
74548486
24837129
60770529
45254051
62811159
2564067
48317337
42914842
92704622
19097084
93054945
119914421
83935315
127196245
4360729
116374695
90999516
16330423
16822219
107683718
101943653
35440943
128920147
16109969
110247701
35228022
79714088
124964512
11284349
66301653
113514117
83902159
22652956
102773168
50038709
4076640
9713090
51152153
95002139
13378843
94303799
1239851
77819200
75806092
47506847
39667945
97455537
36541218
48769133
51918511
8498849
117107374
1427541
90084076
23439139
102899695
60421044
99809432
38109294
60714449
45829499
78395270
14292909
128243359
9378452
83550396
57982818
92696553
71442346
51266906
132828650
123286869
37828995
98822594
57091651
110604184
115592688
13039848
237326
72858997
32708579
110810016
15625624
70440975
111946270
64051731
75975766
81543776
8645959
51793376
116988231
129588433
86542092
3830013
118431153
11951221
20378232
101803332
69220173
46146078
1830186
6671131
110606044
54377169
119819966
126046456
125693886
90948960
22761509
95626960
101224232
83288990
23487315
112209712
113274911
43179889
117416920
23626071
23550464
98943383
128797312
122941042
33235992
32359390
72731549
99494924
42879743
101960353
5457951
102653715
102216537
60453551
2201139
2964300
48662587
78778930
97930446
132023425
9096357
83543649
121768464
115221029
25530754
117045014
118396024
132305905
41092254
113228293
108129541
109089106
22166853
10416219
73030192
62260710
88317423
82642195
71363348
115711010
130004074
10152079
117542803
126114803
10185048
62748183
85508051
6243197
80496914
37664938
53528737
109775766
64429735
124040926
107789772
7109553
47870408
77152751
69056916
111261584
23153524
43839442
8880675
85508392
121584776
22866468
65515143
69427311
129754258
15445869
1200624
127865927
87307359
40998877
53503065
53043259
131273524
17913632
122773443
43737284
2078895
132415297
61375525
74925032
105825309
91776171
2780685
103597733
96255670
80246439
18780488
42771301
51267105
70816601
103012902
117912308
101639499
98421339
47754904
127795877
98409487
114043613
125037502
80622784
22777620
70755793
68570354
10234983
58533909
61959901
10151021
79534462
35653119
66768289
41250142
105760468
10488774
45990413
4711475
28290424
48682502
112021079
87176119
32367362
71016446
62411506
88652245
127794694
86857047
116761874
3140671
126308262
26425377
41457798
32950794
124506154
61555552
50625846
1416178
33948782
6860196
5129748
111619872
120327556
127607827
109908126
15780109
72411811
90310395
97678
61787392
78670698
48855258
102290903
43212277
29076114
35931139
96650264
4002366
66607069
60696444
4506728
40991150
126358637
75799388
116948668
30399220
21162799
13518286
124812367
79426972
100342908
39207972
77800377
124913665
126992224
71361346
51013642
70765329
28630309
33152522
35908377
6358573
25945952
72653373
79865243
85299327
15301452
119174694
17089314
18545745
126449238
15581189
43893149
118358128
23538856
74143609
127801099
131391757
52441573
122613569
15961488
134201216
9984084
129555372
38771998
73446563
54009307
97024755
107427565
40255082
106718813
104404810
53490958
54096303
101714434
100460840
133617064
106326851
60035502
64036713
66315806
59461654
119982223
127944294
12204756
16198000
77495639
81408127
68687833
10449137
87770465
107699368
88074873
88704905
20873098
58346030
25397431
119314753
85034736
127545551
95995241
111907466
33143855
132077119
59442982
3855124
53861353
97511021
130827636
109270633
91041690
38695593
112781960
39212356
30696549
14596749
35184726
122662313
25926935
7955076
89478173
40924707
118928101
62131764
45132507
36183602
27656790
13129787
113614920
82107034
46182441
96332451
66111527
103188166
58873889
9235728
70277566
116485583
131497882
17242234
127031875
43081830
43930133
16517472
112489669
111848503
61313122
4935835
63437625
13230950
103338644
12179169
120984410
83283923
77502986
112773183
77472836
129041675
22186871
97176619
107064053
30807870
44165897
23537298
81065292
35153675
70146730
12218637
74103562
113421944
68132381
81811349
74952234
9333667
84686574
105745841
31822278
110059902
8965511
42858890
31060959
110418524
83288130
29497047
117185803
67248730
49519474
108705221
105259720
113902909
40474207
35413363
73235379
86492508
89670593
95391985
104796442
2200938
127886598
74814980
123876822
105076929
76029260
42251507
102330185
89825793
10595104
18988889
24653144
98989190
19675314
43796872
128465161
41401835
109261283
50357066
123693276
101368607
74630400
6225798
103354557
123847720
103336538
62469119
82440940
122558419
85098931
16294738
106679291
123780377
104655929
78665688
104750712
72386976
112837375
66599267
20713203
3197870
70693835
100270635
16882109
51378493
87213841
22619440
45296761
44074628
129171008
126892175
126504755
29235661
85573358
60354107
71425148
117823440
126031974
31760752
51456137
123731973
30421632
83911132
91220881
46847960
47717515
50619691
16308665
55725029
32721151
125379633
92514524
83339780
11862556
81180941
20225067
124123740
116979541
88842800
40703967
124668318
96376189
103350947
57022011
83106223
96639213
57912529
118789114
109481094
10478990
120605269
7641075
131690849
70661170
58853567
31559873
97834650
31156156
63883318
92789170
19746330
13735545
91407372
38789898
36974884
69589132
91694148
95631947
45227667
29819531
130416868
53048985
41553118
85995065
44462371
117066546
43290920
44408333
60536999
74620964
105182711
40240286
45494598
63138157
129496458
67727378
15760623
20906831
14907985
111113914
15405889
92555584
11638061
17410731
99721510
58032269
32695259
106357794
56191486
114367049
46261930
81162528
132398171
48368305
94250631
126499272
87695222
48332733
78433475
82289789
69890831
56855200
128810291
45284271
70637543
62690416
97929576
90519145
8909898
130139628
16737639
18554861
46560782
81612853
21183383
4738328
72642567
100529516
21147123
120958448
70751487
40606430
67730166
45164726
38477906
81946593
90556643
94314393
80500265
80477971
108023885
118900580
92205437
74608771
125392248
76323802
49135113
122034239
38099589
86645300
116790579
57602695
112126980
110518327
41611937
112089158
38571521
34574895
71040967
16743113
50497739
74987041
19832657
6389050
53651830
5147259
102336957
5730213
99549834
40333803
114549388
76422958
59387207
4629812
112409147
98486860
87611950
92980263
1663451
51730873
116986634
7805816
113265539
99797757
92468318
93786689
944343
61745796
15866927
85040194
29420909
101711793
21661055
23597493
27136836
116103844
29269843
49542076
81933222
