103735131
2463415
30431900
131789269
82503685
94743221
8969249
76239009
129100339
89140605
128840354
112122189
51599126
75038607
127087450
48328797
24392577
70245668
126944715
75625334
13577144
111531890
58764271
54366187
2372712
41837526
23884168
67441471
68041155
79240607
89792976
39769792
68107289
96271429
55102218
125650198
6328513
2333712
33419360
32123092
14981331
13765288
118314646
15441840
13789218
124374624
61751127
63055790
67738848
60296336
70881859
112674488
74534428
92420646
52535454
131195436
42964215
100066005
129254836
98328897
69558654
61429777
127612069
17105259
125666923
114691904
26398400
29729059
23824763
53468795
25334484
114083766
71463773
46461926
127887328
56324095
122678747
113890268
79816666
114199134
134048062
96647254
45152617
101172820
2164438
121522310
107156014
52625803
130318374
75805069
36848308
133368921
115487578
80632030
96524612
50425627
102036234
99365957
123757738
77368948
34559886
118455539
91299776
81730454
127800516
28396029
75539856
65640133
23243020
94792118
49515362
3606765
11119073
120088297
11501278
35921883
28889193
19432700
108230484
104024091
86640996
101869440
88130730
44001928
90396080
38056935
67783549
9077667
2766450
40905773
24555990
93849626
125901637
67570123
58665200
59000678
17795050
75297662
48974018
86034972
118559644
133803732
59989684
26015926
60416324
6463165
50759068
123034446
94555790
120602369
80906206
70702743
95710703
95996021
24816425
8440270
116006839
119571468
96003984
74825468
78593451
115768346
8426600
29065668
107143980
18571159
84328207
3787416
20357506
66419053
100265971
67906477
63549890
21522841
133528677
64889400
126860671
2292379
47502593
43956257
62417341
75183856
72679897
127697815
42942633
52885689
62590000
105921889
105012192
121822752
86392834
10139600
67739904
121507964
97459236
75964796
26127059
44838873
52698552
29015749
21449045
50115451
48231512
101253741
3741224
72833658
89955026
59918958
33671919
46523787
132974296
128611653
28552347
2847835
6369865
13262901
24917892
120040402
103659552
56888703
54242193
125849485
75667866
38548331
76977599
73744132
8734480
61992485
114952971
99869984
57675361
94878846
124138824
20160333
32638548
114662505
53339787
56295133
128658639
29210305
46403033
102336899
94066855
124469259
7268506
96459385
24340710
22819521
48118525
73893998
125227461
60808617
110082452
42766996
7270563
98037811
48011569
133748856
29843104
120044884
126997423
108863876
2328051
126916939
72203904
119275282
29928944
17802776
98252372
95790109
98287222
19133957
42457843
70871650
83912264
13147838
25500708
63503505
108969682
39901266
102799567
117868315
58246637
11418499
73788210
3695745
101205634
15046674
80505994
41447576
47923359
58885426
120900639
17261079
95148117
50002884
131235704
40658588
67458855
66459316
72277081
50937022
105854747
131136055
49130539
22599463
131599266
110793894
187303
21703632
91514882
41287552
73478844
36439657
27562558
128924762
70193004
116999485
2666826
125350224
42593222
52302718
21505364
110730754
47872309
56050830
85000809
116949887
86427216
101163861
55738981
52078279
42926474
11663553
18793687
34658362
113588150
125316499
43250852
14120463
56629088
92487143
118726004
27482915
61416867
42613476
62589463
117141357
19105295
114679185
99940353
48136286
106648363
66950747
63163181
76843671
131292373
44480757
7329072
14473117
41002122
120544771
125756163
5687733
51587889
109287214
98425836
51464843
43414517
71341590
59246400
110578402
57035604
130087581
124228752
44658247
116587633
100350188
43101744
53659227
124820429
35631693
58028149
77408439
53947251
16437588
9103723
88506945
14388372
104646101
10113377
101998234
14842910
7628246
39295721
5504266
116680804
37283772
5092584
61861157
17457186
104890100
7957222
24765271
123721245
60687602
103180319
18794918
24211647
4244831
21906919
37605740
17218906
80147603
49444491
84827948
88050424
17187606
2659517
47214321
57790511
102270431
47262617
50036043
37656479
37823237
78457998
40165809
22980752
83990649
32833359
113894943
832149
113978849
107950710
49986248
96680081
119691900
22109946
79727576
64216753
61329676
415584
57324079
100022421
31525422
120180741
30286321
9250967
79690018
19661688
118828255
77583136
68553016
92045802
115761479
86467047
58730166
95862331
93062577
53092674
75948981
5904540
119808944
30484749
43119395
115664023
11924940
119528278
126407347
67280043
130676282
100976177
10405516
32662619
96312601
10494221
18430996
43174156
113220636
73672093
53643735
85032809
25915827
94997845
8972089
112650362
111701286
37942960
128702303
117996721
12578353
66356526
53015182
19078960
80697920
44039262
72976951
18536251
112725278
99521193
39843744
124501869
53595985
131192599
50365858
96500675
84440856
59473172
52641157
38886855
116824986
21131439
130750509
103388696
59414420
65291901
90331707
89795
68931842
22628687
107724505
69015911
26028733
53028140
110113286
24301977
17382949
57215229
97846623
113821568
72951346
46578639
22248551
88983288
50573460
14919222
90659894
84190022
104778658
113811249
66938969
48063161
79409624
93466155
21449098
103304046
32796963
63007888
26067929
27544766
56314079
117999809
41606055
123881172
69645945
114749769
99323415
71271956
104439694
25948296
2141438
128723915
80235599
1358443
119973805
76755485
20615729
68045610
76826699
106337948
71380973
125293900
21214487
21063897
44378608
71663404
61719557
19505005
80956653
69317487
42192955
89433785
74018751
17136460
5469470
23949474
84886157
65020795
75039786
103316980
74806970
19454364
56486078
129899001
69740721
122403648
129100862
12967804
119182315
16216038
58915415
1593002
129605707
46266141
36948291
54350063
111333137
28785484
57174642
4630301
125997699
55979539
132185825
63345301
103628136
73519635
101860039
103137589
11472171
43934167
8654730
48187762
117121132
24919850
72523094
41657293
58549900
13794279
75275703
5697826
69068354
79032537
113913270
97487445
76793743
53893014
91138723
66865917
96865585
114509807
29348360
30571716
1374422
114508951
52531044
40212914
18569192
52678376
10811872
43140808
18692561
125483959
128944910
75076374
42931118
104085043
9224134
45318138
26882660
117278499
60742122
73483063
35348466
68450475
47117857
98980857
36856121
42472098
4042215
37742339
53846182
26661975
89186943
4330033
2913244
96976537
46088524
58799221
81847668
84745539
37038355
47614593
97144415
123361858
107574053
56834297
88240375
65186559
20497439
51096602
111858212
36272892
134009367
59702316
53131526
104554742
17433047
27215460
86337045
61838903
92247331
39604293
95677915
32227386
61399891
81561
21909539
133385504
28896800
9441224
66065706
72489184
92853567
9453481
5971291
111978836
86450832
104981699
80498335
107405298
88259972
73496899
33710084
11005018
43609772
42133005
27207814
84069436
65623098
21471870
66943434
105237126
101917896
95320209
127182219
102959191
31471821
57312140
101646474
117306343
3687582
62032347
26043850
44484696
46790444
41554311
83989076
32119842
70073155
81085962
39571925
85086625
35062812
131105330
58105885
129172209
124278595
98959891
76430487
73844166
38360831
29205642
18890514
66852649
98936596
30705161
124794566
73228063
12330481
43504950
9705562
120700244
20299050
10544051
111651171
11298628
122862257
64505353
105743327
94655757
927823
58621424
133109955
16800926
58777218
107873684
103769494
3279996
82889649
118165987
15778982
14755053
124655632
99376435
114181682
123434217
77566913
65446181
10862634
78491706
88998241
21009105
120114913
8567803
99414204
104148139
106094130
29678131
84644371
10328013
71673550
10060794
73053889
1105977
111179710
122179674
59273843
24064774
123149047
62024277
103495497
98563535
19693852
98941823
74936114
20855154
32674458
103118323
100765298
100665525
69909597
98156447
126876238
43337948
92229251
39536067
15817218
58639567
10872733
38513083
80108909
67468964
77598299
80798419
97278616
132355091
13748867
118267182
88516148
23257967
125819086
117182023
131873168
52399738
13168532
94184893
126097503
89671509
56674202
4612717
109821316
5255134
106195734
63022138
5084329
23715811
28581518
60913067
126313598
110909368
72761307
87360239
130405342
45330347
41238541
64104154
25641622
94077684
47490750
81948437
118341252
109601135
25082630
33722628
32159201
129367496
103756987
77236220
127682044
31507575
42543895
108130112
34373929
92055127
100978359
57471557
93275994
54610977
75265360
24524432
69038888
100538801
71673216
115171105
5782031
33496909
101560258
76522049
126889389
81985664
22299918
107126157
89427683
21302176
56254336
100699933
132635348
81013702
79736874
48030119
50667744
130766987
129512737
4533177
63269637
75606987
120977703
82682183
78660315
32692849
90989102
114610103
7536523
69527951
78732741
127630987
75127308
70438197
75129139
91922305
44984389
119344921
19426939
60235869
6233645
47058367
57074867
102266183
27839519
104897974
46281914
35101411
29618225
93260272
65117810
99601182
56125917
16280073
77353862
38119451
128730518
23306583
104216241
1927785
18712486
66428302
88583669
15495696
46130900
9940867
83021061
86760361
117540360
45197638
111348591
89841516
104204503
68187495
124516121
111397331
41695624
133512259
89384445
127676625
7672268
33976267
68989601
14737258
43365940
28470865
78383856
29741280
29855869
104575626
113862101
106808532
106950362
4608680
733509
17546102
90871104
75483198
115623229
94960430
68698154
61852922
70767495
63869407
107839965
16804254
86869480
118905383
84662294
6434962
23645128
51689433
111798536
84504805
121996935
22461313
44617728
98085484
58533696
