72165288
74539146
35003809
108644174
75273420
87425146
93572383
68406252
82872522
6896369
103588535
79396256
111509859
100504653
116812683
86241149
24439331
82154029
79321077
1078417
58422375
2578561
125761701
97637654
58680570
69694106
109876701
95478077
98465737
134044224
111549866
33601120
35846256
99258746
99684318
68557443
1764186
7888885
70043230
20707107
104903109
28994018
100580077
6421015
129206954
103567809
99311525
84388294
63609597
49635092
78912955
108964678
100291934
127056521
12121996
54139859
74820459
5536918
8659503
27077500
108781360
62390332
101991798
50775967
96777060
39976142
91397652
80918608
38351096
31308482
93546834
50989503
108898462
79814427
97288579
845589
82201306
85403468
707047
73132129
38010491
54614516
90960640
112133963
66370453
8347399
3316564
46353932
70191590
71300947
106117504
79317358
51379362
17226544
86550964
81245411
82636742
75091409
49493964
108795174
123267424
101149373
54505993
58174486
49585413
38744319
114856765
47864698
126866302
45317379
8002577
3446678
91972055
97364428
115057190
24335703
60031860
1409671
96465483
92559816
25687218
65763884
83457955
113305125
12373622
122898963
39017123
123445537
56907114
103401409
97296909
71048989
8626471
9028125
104617447
77431040
60726583
34641067
34137278
115807774
78526759
39174353
16535032
97060350
122356577
66816180
53837751
75723255
105315484
41125966
55745259
55727615
72004693
52163414
8983490
62562910
119604234
130324530
44738090
26581674
117361392
63229597
49573515
41001461
126364668
123725331
40269924
64903128
47148044
100232035
75506369
33252173
44965843
95822044
59844530
75217655
27031131
106963396
123856054
114211200
33160958
24608410
12639598
123827074
85990112
15300388
14280167
43240234
69845523
51356921
112457462
125718184
132776723
119228510
50425317
94587172
95088327
59021318
58600275
33034949
46144780
11191731
15648674
102124938
33171137
48431382
71200617
67421153
22309700
125103070
28026147
89070337
14842064
86439201
101728067
12796231
114085931
111866893
89705140
95477315
114237164
97452902
99404375
7229201
127738218
81950152
91947740
32908976
132582304
65924666
21301447
69457258
120912455
86541896
48310176
19987018
81271826
32541629
94039103
53705462
102072331
107462010
71994756
6501852
26356262
108219499
18461309
6517683
113691855
119630059
82670968
26310991
90408481
90480476
41978198
68959157
60710185
81384632
133969698
46247389
94913934
68337032
126042196
28213327
38765057
14606962
6038318
3401259
31094046
91181097
4917473
35792787
5129597
901150
109880495
84271033
70773773
51356489
72950089
76683170
113410244
133161072
78255260
5952606
81178036
70053587
25665157
20346545
67500015
9505335
75729860
74183521
8652941
51685982
13672554
29146243
7944079
63780505
3315342
13712625
82765227
53186817
37311199
45193550
72139617
127418639
39999909
102137348
101756519
39395097
100165466
103681266
66472634
70462223
98649578
44261298
45552821
98042065
71077994
65017495
30985241
58304287
86859344
120750780
125797168
113601191
55042179
112582338
95991801
28967251
116048102
116285866
133098824
58056232
56090697
67820233
73383287
29934699
24184969
123313620
39420046
63420633
80602065
4793846
55895197
127322699
81122175
30712193
2065517
119065362
57642960
123250540
125936642
53081223
104930479
83466991
120398305
99129438
96223837
105714921
125637282
36173623
72302127
128276453
92298960
48814756
61197572
108104315
78905256
69170505
99749771
121091436
33285308
106648949
24307424
119182581
130175712
123130575
1848761
116458379
96593679
131272626
42661318
69651870
29637889
92298134
39003130
60261703
19503466
69092423
75090941
47937978
44354542
122514445
13953490
102658899
3453026
20365965
25314691
117456592
69264823
132396574
28821292
62663802
87105543
109127336
43047082
85909280
11966180
21346301
22938636
107001036
114762497
43725927
87222165
70743336
97765177
127594776
53106826
838347
113730952
79013678
127779649
69595798
88221453
99319838
86857752
64637423
18905200
50560503
53866976
49703855
50113621
10271944
56438790
50532732
31867540
34340531
124599378
118693355
105420011
23826959
71443139
42932157
95476674
108347167
19488779
8045118
78034599
49277225
59223773
106165850
131205113
63864025
67357014
123812636
120890002
41485344
69208174
8978067
21381090
31676185
51876071
3421815
78803407
2488126
50207330
102051430
36948395
44727738
34132282
34805044
48941671
39534236
119970364
33847253
4464959
89332352
47544187
123351984
33474260
75448381
108278931
124508105
107999037
124602090
29143570
88693452
12041863
96813660
113333820
123509306
39310668
44526435
22921152
11041560
90930512
9787672
24745672
4274435
125820320
59251698
107834600
52716945
87004320
80638085
56762997
65379974
3946675
47983011
118899427
96883631
20548466
44631670
115975752
95303664
20148179
59864283
112928333
29749180
60659433
24095822
128157579
11720194
81077344
45177733
79789162
75425740
108074581
124504785
23512711
75077207
70953429
126366609
10640860
28102988
12045206
126869126
30958926
32999669
14723137
119730562
70164124
127791327
43063168
73085025
79626681
84472181
22514039
43607832
122873235
44276898
1230387
12147482
74960396
30975480
59628889
129280543
45525072
40129599
110134025
116042682
118872225
44938670
74155460
9985461
56546616
100243302
30893560
39182711
17300581
61921827
65141351
41129953
2211579
5307188
111862754
88442927
52125224
38110732
19023931
116604025
131984946
171858
102377070
2299666
97101452
127971225
70256648
127876480
69824229
94762571
105148251
115475851
99322937
71417419
67014737
120388171
532300
91054040
54134580
60574150
16211991
66863704
120751626
56999199
63334874
21802040
88371075
29506019
44586408
129416059
75326638
132946933
98264069
12813202
116227379
13226514
75072591
29037778
87370392
65591015
121514168
52189635
40670632
123655309
41383676
47793318
71161125
120995756
45638327
32076739
43897891
53955433
121157208
11298730
56524714
107216417
104322173
108797162
37215443
67004322
92968580
84918547
65178515
79771783
105845768
6762731
120384749
49351127
7511714
62266461
100672869
122226752
121430661
3290996
87166834
28888700
7952178
96885291
10713956
35589541
16773346
18357793
63460769
103584383
94069576
116448548
93135477
52971769
64190760
121805283
117948058
35304205
9469658
81680893
116337896
64546858
111101003
18470108
86830759
21089351
30475176
65130941
61140033
119274351
98780062
123875997
83196371
25591068
87049126
75658547
82725708
20694611
86492179
87470214
112915271
78596354
6662266
91022705
91712040
27332990
31481159
16425177
72133537
41078346
39339577
39476470
68085715
130157060
87532036
58025848
104079403
119181490
66147103
129788469
5574397
115062754
94152985
106636757
54198246
27845701
62529781
103798446
110196763
65187964
29283095
63377123
33190089
65006945
134096307
125671870
106413692
23881516
28399948
97256869
17676847
56993437
5405766
10698838
71563339
29454236
130704584
103305420
73868830
88095456
75529601
114109547
11612457
133477638
75167982
59623362
44433741
129789641
111204631
80787176
47305847
28062740
10943608
69475336
102012328
14453870
121537486
11178475
114782704
109467717
105743071
10348821
127676716
59131646
38947691
75899059
52166756
42346466
105061656
26764139
96270555
70037780
130057034
76258587
47932809
58510005
99282781
73880066
70934077
122398960
69533468
41440736
110454197
112365234
119308132
80894388
20222654
55938798
100059143
88042685
15415094
59970190
76883686
80546086
75740648
46404898
75810030
132713262
108036127
160502
60187034
40340651
78508986
132026238
119312091
121507184
16552549
107351078
22604906
29291509
101219023
70740078
77242781
53399576
83210507
130753203
133230067
22621937
15786176
110569876
49210664
44200242
117460996
132197797
117362418
123541688
26915210
80100124
71102247
43765126
54778175
107647450
49777488
95089423
96464154
61742867
54313235
113251994
48103752
91818560
5457933
55021315
480358
61607835
63652502
31223149
5603540
62148673
67095544
15078743
41405124
114547869
95754672
73403297
63510340
34914034
47568739
68817568
128663561
118954871
87523247
92533639
17386624
37587765
55272844
103488418
56917713
20467813
119456499
110099286
118137830
50793980
10363488
45721120
57568910
45344422
52819398
65786328
89835651
47643124
119253622
38344417
66678659
87277618
130100598
119773508
21317442
57665040
121950618
60514016
106861463
49062761
100534437
44588083
16953346
51139262
112896074
44983693
111870892
100291828
29123997
91981924
38375490
107625961
42620134
4461508
89649338
6766103
24806287
4065270
71003444
110395064
43259099
28814954
35210666
122259514
18291181
123027023
51124773
41752844
40962682
99592453
78375016
70581352
61754356
52202040
18568602
18680893
36920153
128969984
72474980
68513383
10723749
128895431
15508311
65865278
111244261
66811422
96243889
27960198
31458845
46856961
94619417
90555426
77677989
20231063
99503396
47363866
6613123
50287694
124883947
121808849
66514665
110218216
3633041
42753994
75460549
101032464
46183814
125947914
34983702
51418113
7531389
77854046
93787539
66276936
47700938
57527388
125209874
8170611
91266117
55240771
105496741
68985166
25668388
121225878
110653913
88080190
5306247
76249570
5580457
95886791
75354336
106287741
132462105
74586225
50313936
107742298
57903565
16734587
127160827
28353423
122086060
87635799
32270413
127041162
123591973
13830788
91763813
14192545
30391788
126258912
17545616
56859171
97907083
130136398
124454239
122145555
120593832
51953527
7523923
89003621
62194288
109354657
61350693
127078552
97043477
13597807
