54855216
60265424
26018951
25670805
20888690
53239952
129996897
6301206
93746503
52581353
30473449
120048391
8270798
97339520
27233883
87716813
132815001
96342824
95406836
23237858
46472512
62802160
32801433
87389210
77640732
8264900
102589426
114281381
100822853
55460028
17772687
44008352
46425162
13489933
21328266
87359291
58109433
11515357
74636266
38686044
10910407
132807705
91476997
11443524
6179692
112399664
15659343
65510184
66590882
30844017
96379629
83979263
88059591
9445130
114329405
132098397
100963497
10568831
127452198
92390984
7137277
56418671
62260576
85804431
5960739
12170228
103798228
91084289
21986397
94902679
133904971
113581850
80374332
76073604
78451012
112288558
96714963
3843863
100190401
71111645
22877544
5467340
67674401
57465946
45603065
18602451
89304832
14127951
51290757
35054898
98552086
125904924
50160457
17173986
84588642
45139406
3459684
49655960
33572517
83333247
73966966
117812252
52553837
72811870
8180469
64472922
36809313
81500327
111660933
94240873
79813706
63856274
67696082
42392907
102817888
75856032
58398547
87036481
73216407
39646371
118719832
130573203
63618234
74895125
103703870
32592838
128950799
44289121
11944010
47996731
31192295
66371054
113401431
111292516
131653887
29609894
16271055
637089
39831720
47550366
23688007
77478053
60177878
87329746
9555565
53118163
102376883
103346403
69232606
111167860
9308191
72966724
53946934
71950426
91133489
57944872
105601107
3140506
109575100
15901158
110533729
90810313
93805034
34056917
52432896
84019963
17423915
110768010
92209287
7645518
37678888
15567000
47479005
69732322
7866768
88722522
118149455
8205069
96826214
97083557
20536082
105020005
105324508
10581250
55032333
73396033
34515153
114063432
74952126
67460179
26698579
45684281
22939735
65237755
5637099
1012936
111739376
38405535
100801261
93440542
119143328
103399899
117928811
119200754
119063799
117515655
88643856
121927435
88456188
103078561
62458489
17215247
26521724
22368628
83366075
110049699
57291595
43346461
131546103
38983416
14642071
134190947
97044016
116334487
95193485
60538968
34935513
10615998
95600918
79981630
20455981
81233424
66828999
89925673
61737800
108465194
82041027
105249414
132751926
86165501
16974346
117338066
89540148
49391096
29278021
77794853
25471052
53655419
114196743
63972023
10297317
34882346
69699082
23694883
89219897
10002251
85306276
78306131
86748945
108756483
11772156
113361732
10006479
64850068
33975243
51311446
111908887
82307400
86762375
22955930
86119201
928403
36793309
129883241
72036007
108179164
47492863
71921843
12328723
86914297
69666716
118211808
86443371
13652136
17882511
117780014
81958439
102117811
102287743
73229574
131184158
69894082
42943901
88537563
105608172
26808883
116382737
123167634
44525827
75527290
79356658
82342127
31189925
15084703
104379737
86663512
41559815
43802378
71258019
128136142
84639329
64340555
104210519
38076960
5220980
80806022
2355284
124140559
31160211
58065762
71505097
107698835
26188414
27475041
102935903
106418666
63246347
86328467
131552545
28811922
39521619
40102692
118426951
58776539
105274254
111663980
23239764
52675972
97987676
65808042
129454718
115325359
123682339
31694688
62306904
82556247
81293813
79963633
14652838
46278342
129905998
48350027
58046891
25896977
91004345
27907674
678088
41451526
76901946
38615276
49763227
31918379
33058589
56536565
85701425
5896295
62479619
11125804
67049955
6223639
31628657
34454617
53734317
113719421
61688583
4071974
125270798
12656072
13207138
3056430
122436181
21674995
132022837
109826067
121968387
69313645
67154618
119211217
38613104
53303938
117774043
115916057
54182450
48933895
119644933
99837697
53432957
6583630
114851991
125181912
109411965
118977703
8902321
20917069
120181098
88110248
47113844
1525730
63997373
79155924
111104423
38817828
58290241
79975605
79415357
96114457
120389238
110415120
25010778
57780043
87813764
89479366
99355310
112763624
9521789
117083434
56240889
9011842
19978827
70802160
21731308
28099472
59488976
97941604
131121701
109393240
22033762
33788237
18625554
33379451
70830611
103881305
45181368
79317344
85748549
9054700
38387762
92629403
34276105
45050992
40493357
97719915
62361028
11337415
42947134
90612677
61330797
60175134
40812043
105208734
67769317
65075085
21045680
5435736
65656420
113941097
50796743
87005649
37949083
34800978
103058871
123015730
101437789
19999904
122249264
27094389
69754773
19097561
20698522
68865501
63200497
128783100
126324440
59582836
113893142
76214268
83695544
76126245
129016252
101951951
130922091
19712217
42522111
35653690
14286582
87942482
66530059
51319964
36025524
101483177
108715318
8064521
40431132
6584229
67619277
22199736
103048858
94692337
16073475
36577585
64023226
107304386
114346993
71482794
75835106
98181769
104215
33729775
5274987
58760093
86878536
98837
126831640
117134859
107066701
97378068
89385497
42891941
125815070
31938378
95445540
75119362
14761950
50362742
103507059
96587831
77422879
92786021
8040578
24825831
129671195
74997315
28583078
4480838
56360060
40955896
129912240
3296747
27365455
44682148
92344932
23389805
30282168
113899053
90950192
82404481
109260432
67158592
110470104
46418062
104257111
14591379
102466781
14993308
50429893
20657905
105199373
12254403
88930789
104910668
476124
132230007
126409853
130526816
25146908
39984950
78412804
83240815
80187460
70290514
134133765
106852399
65411810
127038095
71096697
133358147
19047153
123065659
63447904
69208114
107858142
45007876
24590243
102251839
19500965
126190571
43947125
6357127
90472146
76562217
39309998
114889267
51740728
8993580
55708872
109975911
22216087
88045651
72460784
107945359
128866104
134096152
97516029
120570824
49721198
38043039
129167807
106503624
45332298
58849217
42908975
12078625
77139040
115095107
57154070
116506803
55627646
119703135
92094327
82420033
105510024
26005870
57112299
92190695
131084937
55316189
52749922
57453008
15084186
76243331
55178623
117990513
126729152
5641081
84984991
25849725
63560522
99464705
48655003
82370713
84703080
5265345
85591080
106543586
128946447
110332182
49048951
66114519
82345112
33563824
120415203
12015373
36632541
129550500
62575196
111017179
60495845
24435887
82922184
21039109
87588478
28433476
41459586
110126760
105657433
82138798
7792346
44397463
65692626
74824440
58460835
106469435
101928364
40903562
45195897
49155930
124228649
73151604
41903819
8842406
80718573
77833441
89664455
3973437
112253977
55877418
102987676
80130743
95786142
131808385
2460697
96120320
124326482
67961340
28735600
16755282
70407485
60819403
119583209
127281389
56115873
123407594
12460694
101577425
132574800
84891328
70838670
99147764
18094548
63664336
111603029
51184045
93031849
37279832
31032384
111114672
52487242
84262247
64244890
73510428
93417344
122314769
85048215
35084451
119391097
19170769
98241588
33678748
114821866
26091642
4512344
76681575
105829653
116857940
43441980
34938891
37804255
73130512
126851195
37247247
26403180
23060996
122641356
100262596
62904799
75888739
56952169
62930893
35537411
29233778
118519314
70490468
9619826
45944594
32749600
79264846
100303233
12967817
124876611
131709435
26472736
118457770
67395873
73436517
89424828
76439669
124328142
70692751
2564046
80527870
114917228
104470636
51788663
1232817
35415488
23684084
1927016
60560205
121168229
85816909
22404584
31900147
66032021
15773489
73098738
8316425
34665649
59816379
36446148
22903136
79993674
13849550
12754425
60978505
14234229
2431364
9053938
124165546
98048058
31976844
57782226
78705227
85382053
95348873
16829014
110065965
79140258
92074114
97500856
38639689
121986329
1298100
17193305
28871875
52621984
3070684
109641176
4105608
126131004
66468796
21449390
114412123
71246616
86025473
120497329
13567156
42143746
22107750
12842537
110780481
86252663
122049204
53269359
57745999
16836862
75857555
91076100
123888153
118486919
20019437
34445267
97107040
22400869
66499994
51076163
8208081
115589322
82124198
103118862
109615509
23124222
14709047
13581434
129146361
14813700
75216372
70585235
74981915
83901847
122632237
40788774
17185237
113301552
41743125
29128375
66821437
99771436
88330247
75470003
47094980
4126888
92030298
22173953
117130799
84148882
43432745
26765237
12367738
107469849
3522691
79024980
64310561
101601792
79383719
117930985
84811285
40545630
15880872
60316064
67054505
99801209
121456351
118236443
14120674
10076388
31840529
56104572
56100053
126116569
84372729
2805525
88740823
2680783
93447818
94815191
132065643
39386554
111558828
52815999
104966170
61754168
103866506
97941236
58937428
120459904
54641657
68616695
48800283
95319824
79660592
132216846
44331320
122270305
13772347
16389162
108957009
95426357
99023281
61524186
71364447
133354202
124427142
74030186
66846173
65695955
61189493
69675923
41617268
12537892
102990025
113259163
122899617
3925462
60096608
27161415
83654014
105630206
84717157
113602331
32690635
85758890
70718608
95829126
62864720
130847664
96845964
95612832
85550150
105501628
55043651
118514077
93549085
106884481
8124640
123796554
107751223
23478092
14575198
148799
111325913
131222934
110185599
63851203
115875321
40826690
107146289
120554704
83862178
10345581
57490098
40747852
114095265
39840415
107291783
96953751
42491457
92614217
16377464
33805189
106870503
93469083
131699516
121805961
113398242
90128699
64037902
85754022
58924301
12337434
92159334
102439064
34541177
23414983
132891024
12409314
2949380
89886641
59608145
130695406
14288470
109209408
102692009
54562619
116817442
