130589382
53759870
102254237
126337407
111749505
69636458
53231221
24115649
73465898
65381551
70437097
75258770
62894363
123770753
119290751
50355723
105939282
94048085
19810626
79862097
47452944
977394
90567888
12185615
127929621
75635703
98279267
123888405
83044996
36610853
14346712
13148314
28716722
50187529
111842975
29769879
82293203
113463837
95905446
52121741
31454832
7761570
24869757
94095722
43762349
107513316
74856650
105207897
69455795
63069156
121548150
10963454
121419455
90608475
100464403
12773301
127298365
2443729
133765787
118487750
18398537
50729129
125808485
46279421
88086851
60403629
116296713
48068134
65177540
95250805
78098671
122575205
80164597
90512737
518890
42636808
28750080
129466942
96120958
54313165
9038736
22497656
49059575
78236869
95330202
89333294
103320645
34095539
40761074
6905697
97830277
113981311
63517629
111083497
82934690
81404491
26713869
89339962
91779138
83789428
90894495
111379643
86431951
2348649
92386214
26133140
47429588
60888021
60954007
70119301
51932736
44025451
91309498
18182628
33345810
5353662
31634468
51357042
61636730
93962859
28532713
40554255
122108589
21908908
128386887
85322012
40969569
39225967
58149969
64615862
88166531
54209533
93443242
117733941
1821454
84470767
121119117
62360962
23564020
15172889
59671002
103165073
32586825
38725256
25936858
17518310
7780391
37426188
93300908
8022010
89171874
25562199
98077510
121037470
31629439
13206973
10415130
40791828
28983257
80219793
47122726
107097319
123805550
103261681
956507
55726388
37091541
94036617
58574214
72057758
37615518
26597669
115380332
28302701
112433892
57002431
132849735
26745529
46106361
12819526
82958828
41041409
90908373
112566048
12101464
64333438
20868760
97347304
84201441
117213176
59716253
1143852
7746629
55356392
41528136
86420439
78732384
69455101
94737462
57370079
97784415
38621100
68847340
47037011
85777293
99997772
33324851
103457661
97718304
116806602
2146438
38800608
43738076
132781496
12408884
11133005
92153800
72667897
112335921
24224096
29279085
16317631
31176933
83831372
98926471
127521559
38909712
21942122
108368034
26469132
115271443
114468213
92516116
28593611
49923923
811366
12764455
119168049
59717639
131564863
32479860
3871017
130482582
33886468
5222539
3502025
61153720
68151709
130800031
122053520
89946701
107352124
72691615
31356369
2536863
37175249
29849127
131562867
49782341
31387187
40994350
117518571
56789781
46271004
14550947
111484041
42408772
432972
59972088
29606986
106456895
11793511
59435837
104390897
112956327
12405789
21012273
131542116
71061809
88587955
49587664
50675361
61088091
35596545
20192339
51592220
47181395
100955245
107024956
82644265
55223479
96933198
70651925
21481361
70134947
60864729
117961088
39889794
82161629
128153173
112250
24600419
105328416
10180747
116933061
2316376
8467275
37258992
2632232
37602902
24058690
365554
65880988
83320632
75626027
115505379
18032413
65380996
86660404
40554713
131173726
124946126
69762885
15690604
56129178
74303962
104154638
58405143
106411529
108792265
43612888
27523648
33354991
37044516
64961546
9035752
80389446
25333736
19972051
90036711
91908714
38137170
126665485
4738561
58140446
70629776
127508698
39330984
71579437
79859101
66147406
42008124
16742219
117827511
109460287
20674879
19972047
96468218
97668601
94188101
78408748
75653277
115094686
93708154
47743300
130223412
85156744
91673616
120785280
91167048
21743989
81244129
110793816
124037550
94716273
114537012
14137972
34169482
14507335
60222992
131743969
43991726
119794646
127805831
7927877
28816381
70371574
5169719
30515592
60290618
11739784
109960819
92617346
32642446
80750883
64918546
109737509
53845604
24901340
117884589
10032969
90465767
123675828
76058450
69396734
71937021
62392027
33999310
41491944
21106202
129326597
34927170
15697435
125613269
117405262
34649007
580530
130847319
86213409
90245419
77477272
83847394
78382176
127645367
12570145
98913481
37453542
20032352
47180376
59337488
91385370
100873174
90535698
115700770
44073881
82152528
95683261
102384994
531568
31720202
21371041
121748340
39066708
76605139
84625570
24796758
33074626
110123630
57273796
118566122
62422004
102180256
55694202
36886340
30271967
67755781
15752929
83303546
124318768
67745785
44182857
55605816
77051355
15529077
35053063
24843534
110898049
10553298
114080281
103680296
45049199
39141151
64442996
86786681
101497493
130738934
34732632
81270982
106789678
42002227
112658534
115366151
53437876
43550084
6129642
67956569
45035208
115186431
2569364
74704283
15160903
57876584
5278747
129032075
121848387
67039780
31466910
58786498
66085194
105793929
51766696
88366691
14559289
94853755
53711653
95601455
102296103
36102356
45238257
25354096
12628560
124201106
91320471
122195355
80431045
102585418
21854443
113051442
42001553
77432275
37718739
23747102
15061530
73607613
12728158
96037625
124541096
87169924
131343635
48036107
116187161
85104236
66961675
97462405
76247616
58416227
78799058
81864663
113199290
104328054
92796403
130628102
114473296
124720538
83128941
98788638
82130284
79552757
128395603
44252828
95019388
107253725
39360023
23229583
117831628
50018501
63431015
90404924
92011938
103550563
119992030
64878161
56269850
111342675
100464765
108363190
11847274
1334672
82149831
54598858
36878438
104670519
51540320
27767326
3824087
102449154
99503516
83614179
88705788
80684073
70808473
74851995
32373123
32120603
61463766
50043987
126238036
24633420
41288712
83227151
696176
43280450
2590595
49846046
132836347
38315727
23641192
77409605
122326435
38302409
20862929
34462946
116688785
56170495
38798741
74834812
111888658
104292917
38320253
25821584
34297148
81483524
38907814
889318
117058230
82000871
66983849
12810210
98332547
97822708
97707557
11015336
18685106
31352664
93338978
48384258
122290420
81313713
11823607
94902383
122097103
47511860
101904968
68207028
45400312
92812007
109260887
128270191
21118656
115256663
66956825
56507922
129612236
42866861
51761295
86439572
83898117
50122749
80846457
96435396
77317888
116636437
6247530
72843393
121348194
21641985
80872237
21546997
102231403
18476322
47666018
79552107
68176052
43470173
49738047
74398929
100313189
11113924
120995572
34168427
110618705
28936892
43744976
108955035
75209093
24607933
61420509
91132041
128175563
21804795
42041004
102271425
79039377
80212944
93734852
86468060
41622244
83844616
52417310
79640963
20388550
101275780
5451518
111257106
54876273
96650762
28168352
35476430
6163568
92388527
128707441
126267509
96493176
131714401
68126159
108228759
17042367
13886378
83988222
112720043
37764365
46449056
46476442
118437663
47566966
89714358
12654522
130148607
25061838
29918761
121189880
36462329
6235592
130115207
88671761
18603736
38941919
117196020
44585154
61362987
101257794
75323103
65516199
127071855
112426769
109169409
35426846
102814093
57978378
105942288
114681710
76463570
110606286
75806278
68256693
73916749
123359071
43026098
91272757
10504062
69465881
30989025
117949121
50429247
66300220
36108239
36372544
11373973
8053892
86975053
38753641
24415891
10335565
82752528
49679339
62931213
48758694
62838400
5610625
50988992
133955450
16403603
88978938
96101234
54186999
76528981
51548244
110251154
127362562
88316107
110423129
68775791
71658279
30562251
80252859
31321464
79797830
131407556
38013391
77347542
63388346
42405816
82436199
6018318
84917010
97558741
44665105
115229183
41944266
49252423
121565992
68351845
58510475
106706180
4594598
46729802
18895407
52796289
19250873
19609409
9029606
82907634
105666176
49292077
86326059
45253884
47251731
65317960
55902735
55583353
18499568
76835513
63624753
132742543
67775283
68323652
95159852
76619780
57459482
35450569
132391937
46109788
127982899
38493715
122729019
14950898
66904622
38144651
35568115
18633663
76054577
115956505
83402630
62501885
57521577
22785280
43430622
110080725
54795985
9794022
46371214
97540651
52736036
103561070
126877142
21628323
122317249
92963465
116761781
21102072
47263054
35691964
119749553
36747394
90386909
61294122
115215497
113488092
50998819
103636837
102939645
20262957
20458202
47144777
94079244
122138968
48365567
58225251
54631096
101872765
85961571
103935976
119759466
62820085
3513710
89701321
25700680
104671721
120226087
131675099
44137973
9027177
51202693
7856234
84296818
115746074
35882116
95717193
26815939
19085483
121751653
1145126
61134291
19217863
3696051
46333997
80361702
131049851
102502918
100411757
5903240
35496972
125446523
79493440
36030851
65948912
63228616
40345575
12153476
117762094
92789647
119171891
32591301
119518095
130712616
52203595
84097171
71016256
69183505
3860206
48532604
7911285
75729861
26697250
26844132
109959540
49938068
80182930
6239718
75576587
11136988
63519022
82595453
84725081
128950524
127863275
810293
67336831
32541643
127838950
105655683
54380318
1032704
40181171
50210167
65558350
17080409
51164653
38469439
69150942
6018166
541240
47782056
19307505
34869179
25787963
54878217
31778831
24491748
61134431
67811028
100162039
65384877
41223616
10555810
65363955
47969366
70970089
107692147
119372327
129951339
34594211
100269733
29094257
90740702
34281776
67395560
10946395
89770862
91355657
99539681
18189380
100235913
38443959
45459171
101001878
106897799
27998743
18712317
39095038
45591351
92984573
4701963
50149218
59820044
67707368
46655690
26735089
94878186
31122716
79945363
17843873
40680118
45367020
91241946
75822785
39040985
25925677
76997447
40902784
44430365
109834914
16247654
99474467
