41706034
122862399
129538643
130513201
71730215
9589014
99114936
43413245
75068955
98700271
54555640
93584361
34062524
73661786
100202937
101162874
56824450
103793754
126108551
134136471
57573852
102012523
124101519
85754877
120909728
42919723
65506602
13932691
10814248
122964653
15993228
124622912
114906665
110543580
124837801
104488030
110253418
90752643
60010748
113154546
3898766
86604775
53973103
8837348
37984651
30049465
90344882
69277242
117973737
42290707
44724579
73950213
73174753
21151982
35524984
82403357
129134083
54275705
34179793
39266481
7186312
3121357
17360076
81807256
16658256
95694714
111528519
14301414
30664447
45732117
44436893
62803792
101028343
69377936
74558144
100057513
28468223
59928512
77970475
124087954
31566025
51122917
44212041
59969500
99886218
34905491
22251413
8327744
34227649
88426960
59474405
61445480
84422736
49062508
121729502
117758490
25711659
130411123
120009846
75681826
95103305
6047529
68132930
30643104
92139802
132986103
134180069
9084702
13315823
54500808
121084764
26444851
20155623
48274565
129906529
48849524
73844964
118974369
35158243
62132855
73578618
28273421
72588395
54471707
97387511
72286783
41676694
37282976
93410634
6531917
96333862
7633499
83067637
2133092
106242110
1033480
85343552
80119268
38878682
106023247
43557050
24786734
93941263
4148376
22377917
120719768
84750838
56315991
78098900
103004185
48553390
24326705
21790821
96301400
7605332
118851329
112942714
33394695
39071244
24988590
122611895
56019240
70199000
50557877
44853820
78540922
69842451
94642803
49416755
44696482
124512528
42205652
6684059
57950150
11715317
34029330
101768190
126267413
27286642
84821416
75559636
92673645
122376782
75323355
65742274
131737931
22328573
108844709
78771331
62882909
55462923
43110722
132999192
82838372
129819185
119502822
51592172
100831827
78335750
5763969
16195566
41568863
27884209
26785735
12685269
113433270
77266129
98690827
113817951
445337
71273484
123340488
98227418
62504826
108076103
50507377
76043343
89253086
69235531
68795372
96277410
91150211
109298216
26443130
77591439
7984312
68209434
37587937
44336173
86429474
1148202
102242369
31567666
60750731
112855940
5711976
44250949
67229195
49202467
130393010
44534074
103387006
80793668
54949295
24876047
104572239
5434942
113794722
86103330
69574610
99486515
3745967
37383533
64398234
111275815
39594503
125945307
66862937
20304644
25568846
78802278
45587585
63160711
19482658
1236981
123584697
44000
9426269
50742373
128998583
19541180
105463021
39909342
119183756
52572328
100794135
40083162
107663421
4213758
79026816
5155081
15314542
82533176
119017833
84444988
103369474
113002709
105420082
35871026
121962101
36621332
131639884
84213763
3378289
83650945
43043615
91376688
108748016
29586891
41312209
48663836
3140520
99609546
67883648
7871701
29678045
66049193
128885902
125938359
39359062
8158235
33814567
89053534
109723811
37124505
133342388
99154608
809762
29354039
112834112
74394611
80264439
15059648
38591926
59127409
84414797
84862367
114748076
12073068
132819614
122698698
3253997
41037073
73009799
69560589
65015929
12057821
84925596
4138762
132501577
41696941
81228482
85595280
47539073
125266688
86475864
101984421
125635657
70238296
133248528
123558061
58668085
6640766
84759134
127994016
2866797
67996992
131566879
57442251
86905433
16308769
60628922
82734775
79294542
97398271
106149554
18861797
128079424
75533359
2151560
39525440
3238994
120253100
40786089
13412280
91145623
6556326
116771648
55798171
74996257
84510132
85446116
2238642
48792134
61408296
94794407
103203293
78747423
60488800
72381977
76772047
80109748
29863949
101655249
76840400
66208144
82667174
37304052
129090079
128960549
108450323
85636446
93828616
95250988
114026149
87351417
89548019
117325582
63107068
19817566
29680720
106967837
55985871
125602318
110396094
28997392
52418209
113420045
90727808
125792079
17346526
26241726
77454188
23354384
13922557
76231860
82333465
46056365
124167416
58805851
47083921
94117816
27046030
3203191
68474492
63598006
35026117
132741458
56876565
123833878
72712980
73412106
59024815
7866098
128218674
101305577
73663220
47129591
122475736
90227659
85760441
77471507
87389252
124713009
85254583
877365
6406846
27423381
50238289
53384382
124178941
130503504
122353118
104822876
106654535
121041904
38673204
18757563
30823639
20350136
95479533
104756238
19192631
122343375
120343020
108267675
56393407
101219899
72797311
47786092
88307335
116501951
104453587
96601787
84180618
19177347
89390051
93816308
115518552
34529541
76918029
128718692
61132728
103592587
104297447
61526054
109861314
42037122
81155922
11500365
7987841
74223890
75371835
42108107
31146896
6675289
92399997
39579060
59475729
131994115
115795832
91851515
27176142
42924356
119258143
40423468
42661208
43058336
101158307
6307741
35183219
3030325
3238782
64414278
37336068
26796783
98205816
109579928
35693139
61138197
122904344
124317065
59223375
128652254
69217213
91113565
61816769
86553019
52492112
108977120
57380663
110972155
126201291
37778545
85585709
97864702
90876017
122783184
28766920
69127068
48194139
62698520
91900521
54842518
34047777
101306968
100514259
77433476
85237369
65837437
84822102
186583
109301900
49794722
82756124
6112064
127392519
127743030
92305297
119602389
54658104
10822485
45323033
25092240
65262675
2981421
65456451
121368791
109689883
104782484
109300113
74828245
67583676
36212938
72081051
59086054
8924736
110749522
19244398
46385456
115541180
119793971
48147269
125380740
88111495
101964480
31382611
72513855
29696428
116411913
68416632
120931048
37546098
61840918
101491692
83148545
40951967
18191720
110866548
6234504
132131190
124617732
82982158
108947184
90717483
108735551
127490372
73877770
13606153
116235931
103629
111064771
127260905
15583062
115854917
122830852
31280003
44129100
60793975
43765527
65691450
125526096
45922022
57752002
13937694
63689282
32948519
12707579
94723497
123091785
71697687
76908784
87386711
80265567
125388465
99604891
64898357
115876309
62898684
96596555
47984821
59989024
65094197
79641549
75429653
107378163
93492618
97614056
58485817
106975230
43931905
101817277
91666172
60401113
72066033
106304441
125398804
79315480
73907032
95218214
114835394
83172358
81140451
121238126
117426049
118918153
90215959
107655024
51027134
27121070
66086633
3539106
106111041
35846887
56344596
115268700
96714956
114622929
76503631
28726048
130648245
62044663
119768950
69011078
75496271
31499243
64623544
76245853
85163111
107697143
33528991
121826640
36385279
68946721
87105318
56588423
29421087
97376281
83272886
71141818
55649207
37159891
68098233
25718280
113825168
11030550
24120849
8193529
78456519
65428494
49661764
97254965
119204306
48434405
9992506
32134009
57867594
126774780
71465206
10240970
2517336
83577590
116498624
96099507
36189503
22105152
80815488
99062561
26903772
19975461
85836713
126388288
75617064
62593319
117852473
44620568
7741537
127042428
72639526
130350550
63616251
131222823
76220859
94402395
26592837
72331407
43602431
34746268
809162
66754067
7256610
88778984
121516494
113236169
103021171
13382261
9137799
16269764
130127092
88123848
92097073
75493261
5090418
578062
23511300
53260718
31613418
41007539
130376873
118461352
44639975
11433914
6982659
62174624
114970657
118892532
82551968
83953279
50661397
128017109
127379266
36507500
94016032
111639589
84470966
21761163
82656531
9609663
116557591
6287576
53121980
132496497
11961275
31310682
120513735
124956468
79452899
55272196
55541283
40189451
79856976
74257638
72011708
60194141
114224413
89735620
67267627
49241947
33617822
104866412
87918440
7540328
73895210
6965284
99679555
110310891
54705581
45889411
124462754
96098505
105779436
26621559
89162657
129748895
53659201
15049231
18833861
45168573
130211195
100045847
100853275
133378930
67700410
107427008
116864406
9864923
123575662
83400343
14092011
52635567
91808880
82476943
36094313
73843930
97273361
29480961
34247872
22786404
122289248
4406835
30158924
125950130
123436450
93259536
23126350
8692257
18154325
30602813
9223288
92448109
49670623
15665121
47572029
116836439
90862335
32186015
80509826
67427336
26064598
132775855
122731396
16328025
91645546
102688050
47322890
130137758
128348883
8075800
34072006
114087307
63971736
94148518
39470433
35316258
102755563
22495762
50980884
119958403
54308859
84437391
68629513
112569148
100595626
77074092
81217069
86009279
13258363
58963544
4984529
18390921
28503201
84956128
97413070
35399559
127618013
2401343
79539861
41633338
75425749
36482619
37374967
68152734
79209935
66789715
35779403
108828333
31931400
85916470
75201222
88390594
50862519
42826104
126295427
15754254
64434107
32422095
86692532
14906961
48112610
62940656
125211006
6271584
88779956
63296367
96792546
124427024
122050256
70377310
134004789
761396
45282192
75316522
105451014
113637620
49761799
66174343
133213989
6132335
42961686
131232179
112895287
36025606
116233597
102056383
80592272
16195379
89373662
15854154
60171012
133073259
63364322
18785473
59596138
30401826
121433705
31623415
50356977
128589802
91271176
120967311
116270529
133025528
115881907
13505868
5430632
72085692
73688829
131799427
102942309
132443956
79288365
96957781
20999917
78160503
46825199
115632524
18216008
130865159
17769953
11066590
8432361
5950900
42456009
34303297
118514485
72051720
117552768
100561152
865237
94176403
81801839
63952792
88548603
120180533
38732653
7660644
103663790
104543883
131044240
31593597
10215594
7012922
47149249
54091122
