67189770
130812325
53724834
109869507
3951966
30949946
13179690
127733673
120115328
118464984
38677965
80795705
116513151
39043497
70111888
109701605
17129358
74626373
126728886
21351266
132344363
91057004
6408082
9351255
74942754
36728665
72677558
126716973
116137706
129592424
85778750
33379616
48637115
91449411
113555181
51712162
82154865
81795941
37559478
1474325
45003704
433539
35140456
125481112
112152408
41186631
89061893
95218279
40819435
63563239
78910288
2780116
114765477
116060513
22910051
45331480
46925606
55181696
104532266
123947155
3596583
115420634
117138060
106298276
105284026
33299884
131073000
52487451
3679957
112406659
22757526
58731463
9106293
108419554
106204966
71347857
102887265
13842662
100465554
41583271
3461276
43279551
18138698
42136072
54385101
63074362
96874965
36963441
8035529
98710669
106222246
104706343
24369902
20972313
107394695
120658810
56934257
97280919
112981348
132933291
107090135
71742302
24477355
89511374
21748348
98064089
74636803
52162830
68218190
52486367
30784541
82612980
29230308
66778555
76027825
122449012
16859381
83568806
8335943
36766347
34001805
50088402
101920625
79848849
133889380
116566166
32475304
24591261
37817289
5033595
15956430
91945516
86465304
93166786
14373799
110364654
96718471
108091476
90728391
16931590
110325684
49437198
52739918
111939657
52479347
12124017
51612439
88660947
68382486
54365703
54447825
26787875
71678175
131513822
126263813
26502144
13103912
83431638
28387231
133669108
21916023
52731460
108665334
34574099
102804779
49834535
118107856
69026664
93612205
14260764
22601057
741812
1577216
71458191
97511733
105974249
64229092
20917229
108826993
19699988
49640039
118201139
38765457
33294688
124138811
85121507
98187599
40582652
85912010
103711641
76989761
30614319
79093636
86385303
12915201
6596781
107722645
12850657
22430781
13377206
29886527
118658903
106834579
10037813
47047777
124184108
54789753
39827709
130020392
77754602
39485329
132698256
104563848
61943189
62375332
92873853
93996526
10368889
97320885
47907308
14681697
118093155
32034963
46748726
89561623
114489407
7304438
54638052
62167725
132845215
93950622
67900029
34124195
46766738
28644645
7534485
18330066
39481535
129650654
32762416
55890125
58074417
46217343
61618619
75559508
94895288
38217464
72548046
721849
4543619
31899131
101822078
73033868
70305562
120861717
79980093
33567188
13497889
113770152
60284641
99541755
113162569
46309252
74774039
81237091
106902462
36946636
83357078
122585683
131633083
29988020
73832187
111823525
22265365
123228406
16996908
77219688
58067616
89750822
97802538
14496574
121905584
81813640
21636071
31068463
92576112
111273427
44716287
55381935
99754165
52275566
94358028
82595191
34204276
47464502
15563177
35486109
44430412
17285008
96284006
123489647
77604203
16103475
31501010
36305396
77388976
42393815
23472282
110173267
64708890
103152453
38509086
53679127
19259334
64191939
126430682
80597688
19731972
64430968
104519614
82487790
95847127
70412681
108526720
88458926
62390148
95350476
97424401
100253171
16716350
65376825
74758920
31877125
23040722
111309762
22554714
55598025
109694512
86480098
78537218
69708825
54193351
64558236
85699324
60624093
74621340
117167858
87330815
89833272
70408623
41102133
92970209
93522906
68884513
23592176
63171078
5299583
54737903
47515310
39503221
47396714
37357855
79077921
29313901
16704258
10728327
21617595
100135108
23598650
116608145
113567035
132177385
26984973
17704535
9135518
60135978
119147205
26726031
36183060
31066383
30183512
21252820
67541662
48650820
133374855
108511530
101326861
26764903
53152445
27817861
44205746
122893277
123931079
97134252
74513980
12727689
39174320
56217635
95864312
103355670
49315103
69956148
45569207
65083842
47684527
96206572
35362601
71031489
63965152
28140440
698893
66443286
87634193
34852777
81256833
50511757
131851535
41112463
62666848
70677131
55455496
41192805
75010959
72259340
72053181
111874093
77190017
76993579
30750239
5533931
69043542
70877147
40750833
28291345
28602463
48058920
9351325
113695010
50502165
23437696
116582508
16488823
70511527
25239600
111377631
88900818
82741752
36006588
87289655
123016039
37374196
130441203
124198450
3432056
46639949
33600763
73082334
68140770
51815295
82155855
28288526
30701380
65087573
121831453
67107335
83436564
107147869
85195838
57590744
18595134
87876446
112724693
58730195
24400223
95823138
77481740
106098342
101432959
11346659
48667167
112527629
96211019
53010791
91124685
63563099
51574718
27244455
75943283
105119445
113424986
94678215
25371359
92590888
99014570
11280808
32405087
67638115
88611700
125168805
91380179
6057884
15017621
35143673
79002613
6590631
109038198
110017735
126142325
110335274
130291386
102421646
114925450
62371008
57534146
132746376
86574022
120943106
60513710
115267068
73893536
100464691
123653178
97418181
35762417
62606897
14376468
67317149
40487093
9156313
98845607
102317980
112593865
100467878
30623713
64082293
80141618
101240419
89173667
129946778
20116251
23395822
105243482
129285758
17780912
98356407
39844131
106177470
12831724
32792087
108229834
86708126
34623100
127868127
90988249
125470657
92383701
57771080
1017620
83043029
30044120
18864597
102446708
11088604
133734335
68311961
95333155
93210222
122056130
63999642
104483088
27530718
21972827
29299544
12953999
128753327
46192969
14743653
75103609
132281110
18884310
115165693
20736268
92418175
18194988
123071349
20375714
61403281
94539166
34718153
10441689
101545707
13431483
8624022
92967940
51130196
100778264
23403817
86110651
127122886
88507945
101607654
41591763
364718
118619881
129730151
72153539
87019431
22601791
23507523
33848556
110374569
133101865
109449717
83895431
92013569
74890222
87488239
131387224
64171251
125326359
82962304
464157
96126987
37658573
36561711
63568104
70414531
80040173
53700264
103297009
106327428
125327252
18064165
67873322
3100180
3974751
114312113
94251592
84044795
109048623
18940726
15324148
57319390
85963070
40950419
122066698
51980058
76423235
37392372
55959854
75849746
101562317
71798865
67815263
91883147
108093523
83802458
71928056
94500414
121842770
36306972
112652095
59478198
32384170
6143936
51719187
28568818
82624121
45863578
75880064
49602352
50614205
33622084
13405365
23912656
17012289
33103901
17997828
36846331
107942975
67561221
106135985
48387604
31959656
18684968
24097353
50561481
97645962
110767174
108480463
40677387
73962442
19668220
73025530
61232056
67055987
6864107
16530664
6405427
32280050
78522397
83006400
129323363
91707996
69653584
28322733
90690354
21747582
43664018
39511922
95530083
37051360
12639978
81722824
87837802
88088444
320199
18080049
96793174
22882540
10961763
19903611
41439321
67382203
72407800
91138016
14090106
41925500
85851876
28846476
53340281
77330560
114849820
92697174
31468510
8128003
64068123
20827932
84096392
77482871
27354338
82664838
56094882
104091329
93352093
4901919
34228671
100243306
51322250
79447607
112861311
19790305
123774845
48239507
22920707
8823034
81858627
59765100
60201547
48201505
72345192
126919126
69182366
80687178
29335238
5781171
94078600
109679802
72921580
83039738
120021515
15616000
44207255
95665500
12879049
3127807
37954848
46081152
20077482
111727731
17891558
90387257
81510847
125879513
30689002
11738468
28781390
116622082
38697462
95014829
126487600
90355917
109300005
90376151
7745948
68337778
27430886
31686492
123111216
54474344
73757178
127507697
57002970
13374730
69035850
70807998
87447600
72354346
61481710
29128615
81886143
89773009
14039482
26409482
87883975
3157487
97406551
85153605
122905202
126569266
40321458
35909936
42997340
10630304
61791142
111460961
98260525
20204099
65238600
23755060
78548121
42859444
10435765
82719401
29605804
67620381
45621430
77711526
90325708
104266017
125124153
10274212
52660497
131062729
124851816
78211598
82083684
3734100
34227673
92669766
8705093
89900503
39911567
116180088
17757704
2416748
90965238
64445642
30069036
53136222
20317265
42611504
71189207
76525809
67229331
75275267
16741533
33193807
62529252
119116850
116248142
22055569
18705071
62074595
6269913
10617170
62615293
126403623
62262643
98056892
31279265
132995197
126033898
40057205
93718566
75040390
17723881
113687753
15764194
124623042
127296448
130825603
54166932
18596481
13866142
34597250
58025772
76614476
49657540
101177672
87208550
109278761
112980162
81636289
111585438
75933167
88963151
87604788
65886174
93225790
81021863
18548113
23637301
120176841
37200678
78108718
26399210
84699443
72457691
37723004
20573114
32952709
93872154
4498788
41215087
48967705
4598613
69703085
74588702
43249069
53683755
36042653
7804732
74205080
113309339
75294298
40961577
2083689
106736964
127679486
101150428
9500405
87459820
25092000
105431713
107285941
49107360
89615237
45551995
121397310
45397411
14773404
4211915
76239888
20128966
43132526
102491345
14823069
6417030
131589431
119095791
51178445
110676867
73352037
64744533
55693988
35346402
77175857
29064163
59058751
113020306
105216590
29190027
26386543
86574020
124848014
45317783
90802557
99491140
38847393
67340582
117797591
69187721
129897220
126357520
30482584
53693526
125532212
106221628
52102546
52013137
133608408
100453170
80135841
30288103
128744017
48245814
62642572
130892125
34547830
21175214
25215304
122931326
11866836
51090552
58670328
133625640
8734807
47946221
112801674
72350609
92838269
128285030
28249635
40176391
117097241
7817522
95122182
65191269
111342616
255508
31260582
128033256
132906936
