93691882
120966341
80051788
39572196
74470172
98927707
90186679
128737398
45526930
78131829
52976440
28976274
27152058
44387877
35765031
8285519
131663617
36602781
132589693
42670230
49567915
92586285
132122736
20384330
106781995
111653622
85181831
27371007
130387662
3431055
21921913
85203153
60387209
25024627
82237470
63011996
133783056
24261297
44421110
35513826
108034548
93854015
129827327
113245993
107155652
107123864
122185485
48410624
35719713
87531873
28584623
47196565
17698371
542306
122097290
76986101
130960566
25813382
9280373
9712641
3553311
41714864
91861126
52512470
75427873
121335853
104810455
50019783
101146754
42433886
123360567
26002783
132613404
125464366
27311536
13609884
110379456
80041329
56385989
132100363
4020572
78684213
65314552
26191276
56860268
109618542
65721483
134148958
36076355
111702076
107188771
126787207
66818262
35619426
95494221
88367436
8422720
36084094
97078904
110553404
1440826
25034489
20494968
19446277
113932701
18277890
41727897
80643644
99929119
87004460
8539251
91310182
79018522
3089887
52962222
37602534
104051161
32667021
75190703
63797319
103746983
69439748
111186967
76693872
84571588
39363961
4987530
45206919
37142797
89868382
88941973
77383554
87234125
14741281
31378907
94220192
84724666
14181889
60286724
56294797
12649458
32119727
82258279
11494916
97542765
10766754
75388109
14214139
113384212
57531006
90440184
31575952
123758532
4806291
107187932
27909639
24191264
90464419
86299523
94992290
132653839
59144906
68712252
129447259
43963835
66295491
119331632
44471936
132322111
21129567
47876839
42348955
90172111
84618779
27894889
106019916
52051478
125398309
87114768
128147177
77806706
84223357
84511608
53115516
18790817
52819093
37034579
100095524
12704554
120415293
67187112
41381813
65488106
120219102
114468129
71587063
20254332
63917852
78954999
55152430
5703781
10929095
89298820
89996319
52495051
127365316
67452100
11138769
107850132
2751214
16620405
81369837
23995979
36015038
51328778
99585635
84342144
8798344
133025920
119708789
62387180
90623943
109440341
106095553
10509292
65391911
57095986
53904110
14093195
93449294
89044731
5725561
101012905
108689126
9172692
101714974
43294064
125260711
75576331
6816628
23489179
118222434
6731137
100516744
106355633
53151225
129820380
125756203
106508784
40202721
13006371
71473439
55804706
71392192
98808410
113672392
41782673
71008289
17880690
6746900
71680211
72120150
81331076
79068880
28927832
118325636
49391568
103263001
64471734
3920900
92966602
92483345
68568702
127608244
24905504
121437832
120340976
123361783
123615150
43645843
41840073
28626747
127379358
58391633
98107949
34704547
101304456
8217296
110290621
46883480
17677322
131791482
30397753
47117352
57173559
103463614
124074173
10704573
2823041
61066499
98843185
86130817
62211844
24687687
77436123
50745941
118650311
67902920
68064456
97124926
100609566
17485935
87812580
87994237
52458355
17389868
62483443
2560012
18042930
57992187
44001573
86463088
36623145
22003660
64465458
129546561
43871696
126724857
6518006
123990097
15465778
19950314
126839440
51820802
81542386
116072541
57299963
35210195
92829548
7235321
52880801
113517786
34225479
114628271
84223585
28468203
12627823
130469707
6287836
54232104
46993891
114756959
68888042
120307707
116244518
27919893
129444125
24282007
8057956
7643264
61935239
132676302
78309332
88888838
18057274
43337723
24516567
83884577
58510456
8716177
42720616
91268675
99957416
98658074
68750044
9111138
133359512
18358358
2680999
102498250
49751707
80889098
47431612
22172791
131353162
42151411
7193161
63361204
70769823
59334080
79443114
9607605
52108174
67068347
60812180
106067455
33112778
81020342
128195205
129606867
80673487
29998772
3636372
32224902
99367772
54466357
120848509
131644984
6913024
55182292
69362357
49753456
8310496
46774758
54645697
42889133
79438345
115889966
89850840
34882648
87199379
3580590
14204182
92586603
108613269
65346089
9452983
42800565
14409326
46001855
59706
127317523
22832240
6724068
48176640
69671946
19599175
29185404
13750152
54485862
111751449
54080557
126911691
20853505
24256212
20418247
122172981
84094195
76155735
94066873
100725817
37946457
67628726
85273951
23731057
65357611
68448278
9440342
81914616
74321442
108916449
62088174
69112733
47924275
103688386
21046778
45002042
53564205
68051308
62322753
122180833
11869397
49071120
59549032
17261964
105862274
107369296
8328385
37918797
57036147
8541612
108205823
41893331
80655517
22165422
57263574
20849090
65919068
117414440
90334183
63356981
69613322
133737398
120916139
127717039
46092539
31373373
118804008
42476339
130447084
55866297
22649232
4474278
123886177
100513629
42616018
57545783
27222600
121506383
112332221
6419848
132757470
120522459
105621350
85480221
97815045
61384671
75481315
25492857
97388466
19766588
5142621
2533116
67087433
67738908
94560430
72049968
106832020
93533956
40235112
122635327
44832376
40185966
127932051
96902698
110137070
2437780
118737476
74105240
8602819
50890132
804875
29001517
58228385
119763117
76372726
96665345
72732630
7216105
5169104
80028586
130220920
26601255
91767866
45760356
53149339
117058994
83351421
88070299
71354608
118459340
53379596
44941385
133222770
35456444
69177728
129704869
91906707
5922080
62555756
23549263
133009484
78455132
116436158
83874500
59466860
130849221
88763221
42820386
17852556
23969794
42687757
120744214
17139687
80081356
34740718
28432707
43494140
110532419
83264980
90843237
115218019
70312242
56541284
16525476
33713921
95863326
17749137
38099579
39166585
70798962
45633595
122974697
96655417
58907329
31534421
40969258
48408959
44188310
85900061
95584193
108243811
71286238
101791507
40371651
105903992
99429453
108456951
108898320
111641644
42944737
6389561
106537023
12610612
8835453
7625888
103596115
12026722
100194747
37438510
14999625
83309540
75667230
6439384
29832744
72489931
132430983
108502548
106783196
34448687
124536495
86943686
128164739
94688566
45553170
54191743
58779601
42968901
19676238
134206788
76614466
60170999
116338389
91077750
16837650
119597621
97717878
88653215
108542656
42844191
22612230
2875635
129856003
62473557
35112116
17900547
17914124
86518852
25082572
74666853
9960740
123758363
106872675
101913321
58108731
105505388
47319581
38950219
76212956
104815200
15796094
84992207
63224129
4811077
99402279
77100650
114848114
53947270
2422706
20800102
20520459
33884590
125773671
77296888
132014694
78604479
15354250
108638111
2071807
101956389
101845130
240980
96642320
185992
42897932
124446264
47914862
33201166
35453541
2954912
54157142
70267190
31391197
123471726
53328446
5934402
131160689
83518312
65032581
131826900
44060677
22653498
26365514
99910970
75528961
7873996
64996
119413567
99018951
86107970
27769922
15954406
12909222
1282454
56498110
42877708
94650892
80759660
67977344
11152221
40141115
57736084
68726690
29419278
50839224
127397519
131471083
58995633
133240716
43972659
101189863
119654254
19514748
91639961
19472017
72203443
71567082
56690263
90718617
106134255
35190823
111277000
35822851
20823487
115035743
107144065
64046057
12849836
111039961
97651892
27744733
108419284
36905649
62142951
60337921
53891737
39574981
105350215
108989255
77425600
122235830
5873307
59825214
74689831
51251346
96616859
112660706
17201945
5750808
40082462
110251955
110069263
42591262
114544153
119361459
37592838
95351929
104620243
114906727
79618982
102834628
42254887
9348524
105594996
51706733
124309498
45394710
48873755
15951145
4054706
110709008
100105596
31815952
92539639
26531137
8731687
50795826
109114346
22795858
117802609
45531007
57617119
18589336
21816324
60135159
107100416
83784649
127366596
45613595
13194855
55023935
32902200
64300235
13338101
59500188
116091343
73257908
73490446
123538900
125839594
8411599
131397805
41028
91661671
24963106
120166515
42853360
127623553
15312854
90097008
19043964
55515617
71734805
101947990
83669124
113538571
100390960
17115778
43697438
48411603
97601884
11256306
93880893
8933646
7711255
99580495
81421159
113176403
76925165
132045597
117838642
40888469
63095021
111502662
104860023
61293871
102111992
116453913
73265378
86734976
1338885
104430845
7714185
93953800
88221459
55089589
51919318
45089584
8679170
3636687
34215988
69718516
29953524
112002474
22537714
6222905
45264704
31284795
114335605
94956373
102718770
98393719
125488339
124042265
48336225
9217650
114179912
58533907
84106976
97927125
80426638
131402950
36946360
104858829
1002169
99155425
20328666
111904701
26068498
12374425
50061103
87188511
45621700
77142974
93769622
50410699
93729037
72069795
105175398
72791777
14492571
19409120
130638023
99752429
18881489
60448025
107699484
32266711
54056022
29042866
122872995
104172966
43436493
46571123
7280739
7667791
73345689
117279349
6843888
47237503
13909130
38518082
121952455
132886458
113923480
52386432
52093238
30262464
88734240
56868466
122449207
38490420
129596719
52594174
76343122
92988690
73101720
104189073
24657099
113780099
6727316
86064662
39299764
18008586
88673008
102980538
95741694
102479498
17366959
91948529
64709025
67317265
23273528
106147643
26333331
24133864
55722331
87134883
72865530
52664099
24304288
34618643
127925054
59171657
31815747
124313952
81610723
14105731
132235480
10699058
125868126
35298312
36783192
9629609
62555065
112321332
6778054
56276245
98957407
48375409
64226956
16686137
28357857
120727321
93640181
107777974
85954325
104590435
134155750
84854146
110822398
104381459
34973090
101617229
