116310062
100493743
19363573
122572301
76984854
13912613
92487512
104967966
110242350
15298483
50233881
38667209
100269627
108588987
64987201
17508854
108243044
131915636
23725344
108352280
83504514
27984002
32509347
31627583
92922850
107955121
57628366
88369087
133138589
33543680
98537325
84995185
78793339
100649635
99062730
620548
86102548
37022358
97321754
33417492
104975503
9328181
58850023
45935641
26811354
96234916
67253568
110084312
49924080
43825355
83478830
106021831
84188352
79231561
77196379
70456935
74381911
14592845
22097568
59245918
66727915
83697744
67420851
9867565
18896630
74405648
68736134
64135578
50707147
38147910
7995333
112189576
120439757
102350777
58613364
33286252
97745012
112683907
111097180
21788175
74877399
54334221
118451891
41464152
116886217
101145709
170877
101326968
13001825
65999649
101344007
70649646
59167901
103854774
19721625
40194988
70456000
78724113
40846681
78033012
59357004
6582387
11417624
7726104
81786265
64436724
134114214
53975633
95498509
59879142
15766438
65217606
80402352
5023528
118023738
73271707
42958124
97531735
45528555
126367538
34638671
23523117
57668505
94647778
14663463
69907189
66365287
28584372
23401901
112697454
33327882
134057102
11955485
77328135
86777134
50966019
62987883
85753319
61492504
78227812
7396413
105357030
22222807
5372268
6634745
103435629
102552206
132396176
95299216
55929722
105903271
132440866
108158142
44733051
84281326
124142592
38255061
69472478
71477494
63223553
39410234
119366150
31055470
109093179
50432329
105963805
103703755
26776243
2179454
61718363
88079923
65342649
104532095
41843099
64839623
122085926
106116906
8031867
70146256
132257300
74386026
48529666
128155324
30677667
66157999
54385914
50335512
125853007
120681615
110736210
25395692
132385270
40756934
98382810
91357785
37655227
52874247
84573783
97013609
68967783
96915311
26881325
120984111
63303165
100750117
64429568
20458445
53868724
37007141
91928932
47525202
133008700
120926545
123911024
82015913
66260622
26170693
121160907
118536390
133894695
99242050
30287811
31511348
62906957
120072037
61556971
101686206
130777337
55439950
88711337
81934231
51170581
109176337
3118161
71842234
21257229
102418720
102852114
2930247
67628813
19900748
68452643
94445010
78744427
25973564
98369821
74295993
34363333
35245161
23512213
101576224
90118541
2593895
8078979
8766751
25266794
71431656
15238393
108339948
73786032
78344559
22148003
118397830
126599214
115132726
8221059
123854101
49079657
11189722
649208
72858572
74481461
83514703
127691478
48444025
46272853
114645282
118954554
46258209
2119911
122070292
13595161
94564878
15205788
102026711
89711476
23041336
14567101
56408651
28891542
108835870
82871065
38877849
5327978
71143920
42752313
66678484
67175630
6518210
30753063
32451972
1774882
38641955
118486501
89736751
58307439
103853029
59890727
94240656
20474187
60602548
41042509
66768893
127942100
107540138
94724327
3414267
51893774
101815113
67548666
33051879
20501940
127758259
112842000
106967617
92197308
132945932
2018797
91103863
7135903
114566820
63799115
64619264
115418407
59187181
2164226
61868645
90306659
21067873
109918581
22159418
26694726
71881411
55085999
39945622
82204930
73823934
80044875
49161657
47543316
95113878
66415247
20111448
32350997
18097180
126378093
48437890
79549553
47439289
47515530
113032165
29697613
53395546
53289198
44714380
68466117
72157251
65275763
24176455
98233625
87565227
106099610
63122346
77780628
95906192
130344372
79670157
128244716
124059770
11681671
31752732
29745248
6421950
60791563
45731113
12748549
21798166
103406695
129490048
29772757
96418828
112697859
34195615
20990982
111483342
100229025
2033550
99646540
61642179
72161678
95345904
106897461
41452603
132637766
77166444
53393304
5536701
45994537
16216628
88432004
29750790
30539515
25470794
33671022
62402054
68566353
75795380
51558535
111373096
119306590
114337812
60733259
84569978
16720844
3467425
98338521
56017146
55530916
106131891
106302860
34309693
104328156
133146718
6522012
98793688
44738515
128210798
24482768
12603038
127477982
60050853
36191357
120352848
104126060
118378884
29475395
61678356
119672111
127891584
8225300
92758978
76537096
77844665
108230803
89566706
56240540
6820072
104286317
71843397
89409619
53715653
8989280
40047919
98657931
113089024
113216365
64821960
68032915
75952239
132506512
47508784
113345934
128453197
22807095
95999508
85057590
116166882
125464648
57876277
16001555
125880444
132848765
23235223
102124079
60589670
7961820
131708168
31691051
71125416
49370107
43967255
113713487
103048776
57781357
105789177
117778516
90695990
107043677
128881342
100486815
1531625
84394790
86989324
9102190
94399599
124388103
116055728
17817053
58972279
9383744
5756559
121417268
124380958
7097900
96094362
105110417
121653801
73471141
110668496
52528453
19907254
19438412
11805199
79783635
6907324
13857565
63567890
39253691
108562065
125515604
121027245
19071401
117222063
79415413
23780938
94454965
131386626
37064600
70889977
101322026
7520403
101483037
34037360
109401187
117126029
86494300
40802089
89465405
15851640
34259597
100733699
3286455
19252481
83734869
37394228
133934748
34917327
82422316
84879488
23710636
124060840
94285360
118326107
110540268
16812579
114482037
131081911
99663823
92475244
11069188
73122537
17466162
79782621
64332598
27968148
101904011
13863030
92702101
51692024
14266112
52519515
92991713
106437487
26267454
21086291
24770280
65623945
104375313
3335782
102682991
107730944
114721699
14759264
124375454
88984075
81910137
54200604
134094776
55605379
29378320
20454199
40590432
28670176
29152471
20301871
91361120
5438151
61600369
94545946
133496081
30481546
133228601
69969941
2300542
13765266
13160871
78975110
95397440
131650166
108691494
109040219
59068211
39369004
120585241
75860102
97701837
115206267
73602494
84226437
42509246
89459571
50811374
102589253
44324896
11183469
103117170
73354492
10675761
119784784
129788591
83683718
130462963
110177322
25680715
85537798
97505748
46634259
5477124
2130447
74693679
48792051
130914189
79851435
33395711
56189799
34009753
4532243
71253408
22904833
58681314
20282034
7516263
44434705
98022946
131435396
19953223
3902971
57718491
97930500
20542245
16286416
36526851
44174013
110619767
39004147
42165743
37933780
77890455
20674542
25420307
60999255
56985673
11687147
130142006
81189859
21010888
90749032
98603539
114930466
65798890
82692202
100254249
13873438
30301041
118843646
14129264
26082879
4987924
79458502
8611486
87111324
53743646
110403679
52802455
95714029
20949437
97031613
115607506
73545440
77829636
66049868
115885451
124896234
25711373
98030390
105884503
83851745
98242083
50814814
17068290
88606297
86625135
106210899
50059630
57586211
97135134
52033517
1476602
55835761
19619594
100555096
54190981
44988710
102392973
27431930
12164297
80765295
103049699
118065629
83696785
68022909
55372315
69466894
108906858
41672956
53577890
7827329
32373657
69067068
89983146
122725826
106640268
41879022
68664570
21069234
122106866
3619349
105663414
38325691
91496161
20215242
23603056
72910910
127206900
39474469
99239978
78375184
76299552
84295000
11327113
109027200
34397791
105370726
54608262
66840075
20636762
55888806
72112472
82252513
74841299
93499051
75649432
81742227
3340152
47808542
42101588
25882630
13374103
107297970
102323751
115012512
94112287
41314571
94162671
116141859
29232114
112188247
3929725
50487653
97266650
41023635
100975305
63499497
58135223
109848841
39576677
67948648
60002468
129973213
8289608
133366541
26592947
67995819
10494012
9233603
106212046
44078084
34199859
99145069
14658167
113550857
91316692
128942379
3262319
30596005
50467337
104560723
36497204
42577208
78334362
131187403
111027973
60804993
74125025
70238448
92447503
48440363
65620998
66819872
13134449
51716908
34788244
90916999
87670414
22341161
118830469
130254144
18915583
79442226
121109893
83391225
93870640
46594186
126028988
17413316
40578041
33598348
41995282
59542095
65979602
42797669
20403287
57517359
21144551
68040413
19146626
71496999
128057497
94429317
114826212
62072381
58619026
10017051
132936688
75772682
41953576
29486546
119568485
104982431
40051787
123910433
95763256
82721125
116884389
15254724
46496909
8654325
124431733
14731523
75640035
25360253
110229128
116787730
96021228
118441689
57994223
117946874
44997450
3726073
12187741
119760738
71024115
4422081
16628951
53976647
116999620
101427599
98699027
74272984
102750954
40469488
35942379
36151746
107945512
106795088
118690674
23158340
64443309
23581948
88788378
114830503
67942790
79520564
126083441
83188966
131336961
8068910
102991584
11507421
3675897
131131262
129838372
28644127
17501076
7736795
118075615
120892738
75494442
24649546
101565611
82529293
89646456
36802911
61421259
8240379
103245947
7809246
113371418
125192584
133339521
110841843
44178450
5052128
58628713
42380452
73465586
20053981
62125762
27650839
81057382
55239734
85450529
106819752
11085244
110578324
123183089
120261480
17370183
87843079
102424334
106911930
24937274
82617838
49189534
35921051
20206301
97557883
97262558
21783378
29961567
94129899
1812835
85248757
105498627
30854392
19912057
114356744
124868336
90608985
47209330
98385123
97160527
9700255
115741205
17248579
63062104
94203946
14503778
57905770
83800323
60530027
75608255
64344467
41055848
36136654
131714053
38205286
64797690
14307061
3988409
42982164
68014946
129046214
21506929
91755904
17299888
48516262
1417570
133541847
52916204
117967941
45548356
61812680
30627404
