69389803
69389803
93838501
93838501
85765559
85765559
70730341
70730341
85187067
85187067
60262577
60262577
73077336
73077336
118434800
118434800
34694429
34694429
105218846
105218846
124630029
124630029
33085385
33085385
16081590
16081590
44774954
44774954
104357283
104357283
31892254
31892254
35116353
35116353
124112183
124112183
29283200
29283200
125883723
125883723
45820797
45820797
120315448
120315448
32252773
32252773
24580300
24580300
58530898
58530898
95709955
95709955
74285012
74285012
8247948
8247948
39451921
39451921
39506190
39506190
69175658
69175658
118622393
118622393
100520033
100520033
111686042
111686042
51438463
51438463
49747446
49747446
85411993
85411993
109143164
109143164
129312033
129312033
85201569
85201569
1483219
1483219
51416131
51416131
48778971
48778971
64431061
64431061
110447338
110447338
106917273
106917273
82934857
82934857
96945136
96945136
645946
645946
93011448
93011448
96312252
96312252
52028126
52028126
61546469
61546469
115482820
115482820
8521594
8521594
51284913
51284913
101650943
101650943
128421942
128421942
14147155
14147155
11580613
11580613
29375727
29375727
8726630
8726630
74854924
74854924
69184402
69184402
8503521
8503521
6235953
6235953
132388167
132388167
132240651
132240651
84455001
84455001
44298447
44298447
11853968
11853968
118062870
118062870
61182639
61182639
97132448
97132448
72845115
72845115
72828894
72828894
5059171
5059171
62729192
62729192
51868542
51868542
81761703
81761703
20341618
20341618
98516236
98516236
105071400
105071400
83504712
83504712
125314173
125314173
51936907
51936907
1888645
1888645
87352610
87352610
25506260
25506260
58350329
58350329
20081048
20081048
104238604
104238604
132940948
132940948
76255945
76255945
29645371
29645371
73989061
73989061
33653216
33653216
34897618
34897618
82405004
82405004
100690221
100690221
99908310
99908310
59191594
59191594
67109752
67109752
19468997
19468997
23064096
23064096
52326195
52326195
7672802
7672802
15910452
15910452
109209761
109209761
97627122
97627122
41022133
41022133
123216236
123216236
95672656
95672656
120195050
120195050
65302763
65302763
115752777
115752777
106325897
106325897
107744907
107744907
90589041
90589041
65629911
65629911
85716794
85716794
48625011
48625011
86293102
86293102
95693153
95693153
1391713
1391713
60759251
60759251
11626884
11626884
127632535
127632535
1277647
1277647
76370908
76370908
91492311
91492311
39242439
39242439
29393473
29393473
42603683
42603683
133665366
133665366
14444710
14444710
764985
764985
29138008
29138008
30841863
30841863
42241579
42241579
5308378
5308378
59406127
59406127
42844211
42844211
130175472
130175472
14548559
14548559
67371810
67371810
46432378
46432378
82492749
82492749
128064631
128064631
65164734
65164734
37094173
37094173
35769311
35769311
69017769
69017769
69207617
69207617
74709243
74709243
99381905
99381905
10191131
10191131
118985469
118985469
110435805
110435805
11128575
11128575
49420866
49420866
73509153
73509153
56339788
56339788
73690061
73690061
43981645
43981645
49367519
49367519
123172651
123172651
60175297
60175297
128578786
128578786
132109858
132109858
53421005
53421005
85572429
85572429
69570495
69570495
1127026
1127026
56314654
56314654
117896897
117896897
94530966
94530966
5868489
5868489
61350737
61350737
121217801
121217801
38946778
38946778
41131564
41131564
101274575
101274575
73172071
73172071
999960
999960
74181110
74181110
18115878
18115878
81860296
81860296
51902980
51902980
47435824
47435824
45697651
45697651
110268217
110268217
98486306
98486306
91589384
91589384
40754578
40754578
90963275
90963275
29673255
29673255
122776271
122776271
52943560
52943560
93797686
93797686
118960057
118960057
120167530
120167530
46697896
46697896
35000290
35000290
56539599
56539599
110699827
110699827
79104256
79104256
26959386
26959386
80411338
80411338
46509353
46509353
122479870
122479870
106559095
106559095
33961538
33961538
8415243
8415243
35979931
35979931
78619681
78619681
116700898
116700898
61430670
61430670
122525547
122525547
101936953
101936953
95121858
95121858
64684361
64684361
10662877
10662877
62728088
62728088
111830838
111830838
39385388
39385388
118676800
118676800
8343128
8343128
39368192
39368192
42961775
42961775
62649066
62649066
74533581
74533581
38684848
38684848
58046412
58046412
130068108
130068108
84399520
84399520
70675112
70675112
91208482
91208482
108784482
108784482
76384419
76384419
132713867
132713867
125358002
125358002
70486457
70486457
59195713
59195713
92173494
92173494
29985356
29985356
37429417
37429417
104010469
104010469
23617787
23617787
60491926
60491926
116116576
116116576
20812519
20812519
82314439
82314439
86695221
86695221
86883432
86883432
27646206
27646206
102369326
102369326
27390871
27390871
27202660
27202660
22821878
22821878
95535639
95535639
56624015
56624015
999365
999365
98340907
98340907
44517908
44517908
112152537
112152537
104708476
104708476
32680933
32680933
133918833
133918833
10993896
10993896
65865441
65865441
73221306
73221306
16891858
16891858
49291921
49291921
31715921
31715921
11182551
11182551
24906959
24906959
70575547
70575547
132769532
132769532
113407968
113407968
15041020
15041020
3156505
3156505
117684895
117684895
114091312
114091312
83066248
83066248
59184239
59184239
114108508
114108508
52338277
52338277
3235527
3235527
85385997
85385997
5191800
5191800
35629297
35629297
42444392
42444392
63032986
63032986
1938109
1938109
57208337
57208337
19127120
19127120
110703051
110703051
83138363
83138363
108684658
108684658
47066534
47066534
62987309
62987309
121232473
121232473
20918777
20918777
101682506
101682506
19611695
19611695
51207266
51207266
131262719
131262719
109723410
109723410
121421016
121421016
60674969
60674969
59467496
59467496
34305125
34305125
127666680
127666680
63283710
63283710
104396375
104396375
31470714
31470714
115477698
115477698
32096823
32096823
38993745
38993745
50775656
50775656
120420771
120420771
122158944
122158944
126626100
126626100
22367735
22367735
92838998
92838998
14688549
14688549
75723080
75723080
13679510
13679510
41782014
41782014
115854684
115854684
113669898
113669898
61725240
61725240
1858176
1858176
80591609
80591609
35038405
35038405
58404336
58404336
131037774
131037774
75850146
75850146
10077934
10077934
26079868
26079868
128144125
128144125
72617297
72617297
69086225
69086225
682736
682736
63680090
63680090
124090639
124090639
118704765
118704765
14197500
14197500
131062908
131062908
14016592
14016592
124143986
124143986
85851695
85851695
50943244
50943244
59492908
59492908
84914251
84914251
39889344
39889344
15216682
15216682
9715056
9715056
9525208
9525208
110492431
110492431
111817293
111817293
5672173
5672173
68572070
68572070
23000188
23000188
121155498
121155498
7879249
7879249
89271679
89271679
70682911
70682911
117567331
117567331
134129247
134129247
80031498
80031498
116964699
116964699
105564983
105564983
103861128
103861128
75488105
75488105
89167830
89167830
74172805
74172805
117326803
117326803
104116593
104116593
113965559
113965559
31999750
31999750
16878347
16878347
76000767
76000767
68139974
68139974
86350004
86350004
1266690
1266690
76114833
76114833
36200592
36200592
26800541
26800541
123348131
123348131
26224233
26224233
6137350
6137350
31096480
31096480
48252346
48252346
46833336
46833336
56260216
56260216
5810202
5810202
60702489
60702489
36180095
36180095
63723675
63723675
115745253
115745253
38134561
38134561
49717200
49717200
90633572
90633572
82395922
82395922
127049315
127049315
97787216
97787216
94192117
94192117
7617191
7617191
133914714
133914714
40415749
40415749
41197660
41197660
22912443
22912443
109620738
109620738
108376336
108376336
14496500
14496500
104368491
104368491
16763384
16763384
73448387
73448387
44746043
44746043
94804168
94804168
133073449
133073449
100229380
100229380
27860049
27860049
76611765
76611765
126660027
126660027
65821612
65821612
24012151
24012151
45578839
45578839
39023675
39023675
95064738
95064738
22269142
22269142
126591662
126591662
3236631
3236631
79782291
79782291
13336333
13336333
13352554
13352554
37639887
37639887
1690078
1690078
58570309
58570309
86577088
86577088
119021567
119021567
24962440
24962440
72748090
72748090
72895606
72895606
80959073
80959073
83226641
83226641
9691841
9691841
15362363
15362363
83449750
83449750
104098847
104098847
86303733
86303733
88870275
88870275
68929381
68929381
42158382
42158382
126008033
126008033
83244714
83244714
55990259
55990259
2053908
2053908
126751246
126751246
36819691
36819691
33518887
33518887
75369066
75369066
37452575
37452575
23442296
23442296
47424712
47424712
50954777
50954777
4938500
4938500
123502091
123502091
126139251
126139251
76206339
76206339
25709008
25709008
69819472
69819472
49650603
49650603
25919432
25919432
124470566
124470566
126161583
126161583
52193481
52193481
41027472
41027472
59129832
59129832
9683097
9683097
114229310
114229310
114175041
114175041
82971068
82971068
14792451
14792451
36217394
36217394
133254018
133254018
99303420
99303420
106975893
106975893
60822887
60822887
120543917
120543917
66391162
66391162
104006320
104006320
64619622
64619622
109839473
109839473
106615374
106615374
44864722
44864722
119498074
119498074
90804710
90804710
107808505
107808505
65137468
65137468
45726285
45726285
109417549
109417549
58942239
58942239
13584775
13584775
770016
770016
25694506
25694506
11237780
11237780
26272998
26272998
34345940
34345940
9897242
9897242
