118237308
93610388
41300192
113446619
22716955
45194238
118275355
65735839
72714629
102276682
128211218
105638790
1550596
77586492
40664783
99988598
2847548
70798243
64474534
70837625
72126475
51813696
91123460
42441152
10699826
62071190
28398819
64228368
87548649
110075697
58623379
43986479
85449037
66105550
74863368
113533363
13826933
29933198
52799122
31057015
46657158
105082541
74595090
3597417
108253263
127338933
123649656
101715337
78427417
68091250
42035358
125907523
89533265
110312865
91829915
121539204
26022727
52402899
54535879
63127750
113342407
118668082
66209166
60467447
111638703
38702681
78555240
60737400
57265058
122415055
97576539
79821361
29647866
38589399
72521038
123096617
43695016
15440089
29236140
1019808
98467824
75579854
119627439
53335022
41422113
102339582
76051820
25868692
15676904
31063705
100304487
16013438
947026
110644456
125847868
56842497
118023104
111586045
75164940
33765755
33909020
53419819
7317737
92418640
45630244
90923299
3665322
63352247
42447946
59232371
76324452
1553570
82255376
98641728
46450689
122466582
77261340
9285491
33404781
16197927
86820797
74875562
70005978
14174235
106795576
62103468
335657
89420782
59875346
60525256
31224416
6426961
21533671
124604039
53787729
81562060
32662556
92773252
71827722
90433388
65231958
113553908
65207453
78016344
59802509
94245558
102267741
122124076
114994416
104889709
75795478
63066928
48886323
26824995
12195442
98642428
20189423
40261037
121951610
81524399
128536038
33929053
19460198
92042885
23173145
109136372
11108967
109666809
51341391
96018655
38829569
41612989
82021784
455990
9655241
41402952
19611703
32051606
116549517
127978525
124204742
105691359
115217710
115912061
12705669
37965151
3901960
73513713
7644590
16447979
18597952
120928140
100467696
126128464
126161354
1280728
116145462
88999978
126770581
15034972
954733
34081388
41066516
87021253
111073633
71858748
86255585
76063084
65346501
24806653
50920344
43239705
21957263
10949293
67628217
122754870
41370612
88531878
115759994
116244116
32277536
110907356
125252111
39646710
24625856
76552559
5212481
53611954
86184617
104765481
61371390
98132864
2521090
83999831
16904623
20974174
118627181
62667538
80699553
52771429
130648804
110912710
89933089
18952991
27169125
420749
130692153
67560150
124636519
39140263
96966033
28264650
107985153
22233047
25517339
75045902
39464493
42212813
120227426
122131191
23454651
82529590
107348382
27385
13666628
18327064
96717609
107953917
6318330
57692468
53349907
90077491
71205388
119842931
120256815
72206848
59643403
107173553
41110396
49968978
68759582
131824732
4838507
35760897
67222896
86855485
44799033
76559107
82843102
54550536
60597926
86802840
28867221
7791297
133801298
35169190
44037308
14947446
91966070
80115974
25489057
126661248
114245748
30420864
49117929
6427932
20093267
92910869
31423678
23606542
100790811
86084440
130604885
115790428
130846041
81958534
52995774
26059902
4603864
3288729
46390713
10201412
3573994
72105149
49391540
56400477
105584012
86766428
51372172
42102984
104584967
100857314
90958511
72659153
33525073
100227116
101185321
44000276
31700052
90876753
41406012
52089672
26766706
7103551
86890567
59571595
106366159
80638265
64303065
76428712
10176595
4400841
111501822
39562152
30991018
61520424
2712904
89148344
46606776
1241171
61713208
97434559
98188337
112481431
55744914
14767164
97455626
34330566
125310275
33898663
35038577
97015950
94950660
30096662
94715107
83085113
40350650
116045335
80125187
75319291
27569978
1826049
108955109
6495597
132417820
58685858
81005842
78353714
121988793
64988605
8483579
110713782
109032320
86701969
52054997
23062544
119410075
28496911
113381185
105183388
133621907
8905959
93731244
59972812
67020522
25507855
3563959
69805378
55746723
14942898
62096033
20786939
118768512
48314446
31029976
116702375
63412726
79998880
128553723
2023159
21811038
11872040
16532543
16952553
120624213
11179815
105858619
98910152
87390866
82210998
126290583
33554799
69810166
33666907
50419385
64469747
109198976
53694600
67093923
75091734
11959529
126466426
71165411
75644488
51525277
38579275
88837861
119702734
70743031
66153748
103301233
21105313
73238973
133128056
24662388
86025772
130246361
65719767
111750602
89667234
90936771
64405570
46196044
101927984
8005796
13913472
62321372
27085566
8324010
96004166
128855490
114856234
130692811
30623424
61573517
113460987
133473085
68015672
68378807
108992343
74763515
80970760
48612600
38490378
96501355
124445477
105428309
23880892
28620367
89908920
31073482
82752435
8773932
126746751
63488868
36694193
129470647
8248477
28199196
127130092
85344652
94125758
50230049
124426126
30804973
89935582
47446166
44276233
77578937
218731
96837183
89976609
81380812
4770206
37614593
82787926
6767671
18741989
35025815
131927448
133252817
33729603
27412329
128104402
16692568
96793978
51061398
73681072
119247222
84685287
43298332
124868252
72093563
26920242
101793859
45915227
61684051
134097745
24171687
106033649
107828917
46215663
101240851
77145261
117853959
98454688
42639976
18481503
30938587
3971770
90159128
58489329
15727046
91185053
108119830
84431449
51401233
62321530
128710628
75932939
108262866
120960199
58591595
7786295
108965390
130520723
5908644
114173678
91869274
66795692
92077805
101928559
103473930
19956709
55928601
26142581
34623968
68443314
118924806
20222088
101389366
7525137
86519931
122297503
94615556
33043598
91729759
70278020
2240937
32086203
5555485
57731552
81152321
72297013
123060162
19949794
109242533
74073927
1216462
18351195
118588321
77172317
44571526
48336328
75356360
44727834
17704349
61611182
81556490
125674383
18897588
92003980
88205884
67392071
62679375
16503373
92694435
67737245
25183306
124178584
110546096
103823383
18031285
9835381
122677479
113802855
72764429
72265786
66487284
10028044
938173
78192895
30352438
83914088
23892507
53379406
41330825
25617809
19452058
41420297
22599240
130160482
114951040
101528628
79338082
83000015
84616280
110679133
10922116
9506592
27221176
64209487
84859974
52562093
98999010
50918582
93811811
2036257
94226713
4358483
79085175
54897547
131334313
55621890
62585151
9865648
80388335
16592731
39770060
89382405
51792705
121373833
21010495
53933318
20310958
80981673
21204962
116046481
14190941
33219342
93434868
118812562
13362504
49965086
82406446
75102060
89259544
128458423
93293941
62417564
28974724
25345773
80986727
28826468
122034210
79197855
75974048
112088819
93644408
19054725
39594279
103534664
77654871
117346381
14417247
25016574
113510396
2864464
99708476
132629553
101233340
87020664
97284344
112337865
39490700
16966538
88408135
69124447
103966955
90520552
28925935
106173041
3764994
125156525
125799346
110086421
128004359
106917744
58638900
48634745
125323387
74042374
93486042
110927358
81557117
110025956
94779939
17241724
58022720
104994668
121089155
3734327
133716339
128408173
38702148
74563656
116745860
80174117
54796410
33772770
112703724
126246279
43743817
75342321
36619546
79539227
90640919
98570684
100013700
91673827
94712218
36564798
123601400
22213602
7138712
122551635
11509691
3603575
114550248
133412233
35977364
42496023
53475202
82868333
66509041
58439105
131967424
35626013
47608247
31316089
51802886
129574737
29465072
104564448
71967149
34705818
55093293
85156185
27416398
132981285
121796816
7817143
98053704
42310231
60902682
113765263
84510093
111388201
104497813
13187766
42542331
110367146
125069584
118444646
24392347
103486617
2418483
128730454
77545311
92649287
87987983
121041868
112170518
79708371
56480767
80330235
86505001
24465300
119975831
93783496
71692880
42610457
6428476
3285198
20047180
39243541
61631069
45046652
30467126
128084938
85273971
40164073
2290225
12351528
31710283
6080494
84821146
126370731
81453353
108617562
87596964
54809569
52337758
40069232
24365017
58425278
49780832
80768977
14136748
65122825
68521980
74300577
130552075
61705672
214696
115260788
60216
63271199
44574420
120038160
107448439
58494952
58952906
86542520
94060621
62132105
110192619
42183849
109230667
21383881
50275814
35890887
94052871
42918556
5366016
93808377
123375719
48838533
11239146
94338636
33495921
39213715
120258255
119397846
12711534
64075392
112067580
49842654
83612987
129255305
83715340
101480172
49207475
100664503
47516304
15453158
116973490
128557946
95466001
55902567
22832742
113633883
41565044
27061846
81137014
73284280
76249925
129576140
71211372
24255791
43230113
131810803
12309757
101344915
96328669
91828835
102989768
60355482
85073962
49345693
132331139
103088406
104895174
42868086
4214495
121649653
7119511
134098167
96068040
63219522
59262049
14818142
97016099
64607050
116653371
72024497
20775465
24101084
49713666
116222188
49257908
130410842
7241046
38661346
5479300
64886420
124111140
1942517
102623950
42031496
126323683
46977386
15516956
15207000
37256906
105914596
43961395
112310414
42526846
26665147
11709110
31428855
100479785
9474409
120306438
131423118
4673518
66814566
104555159
118274892
24097230
104009751
107944446
45924341
77992289
123910198
117008804
84102660
7881655
109503611
122843421
9169651
110655708
4059144
51631368
61422456
7580038
19729163
91940545
21530070
21488126
89994309
6033091
32314130
72181260
133853924
117123234
100092626
76836718
805424
107278241
46399485
30241846
125621003
88724369
107192262
50823361
118319203
30690079
125836196
30621053
43065956
125192347
54733581
37005642
101152657
57502472
22404509
21602698
109949072
72903586
77230055
99094281
121689507
