40317007
37863040
92962485
114845473
48776710
97016375
94839785
120543944
66221753
91075590
72885362
106129730
65265985
94031986
45514937
129796367
7816484
32703610
19434862
88778870
121478853
71700095
50431163
131500951
59783930
48181558
68252684
124984359
15158589
8845355
68731136
125863986
26263333
95838774
124016127
3868945
68527237
9122901
52204619
77997008
74273363
60124763
16226489
102267550
55338558
818936
108639386
40179282
39117888
81703193
122918808
104655769
119839918
82726093
131926185
99443867
55262218
95899697
132187845
66865585
3841934
94347859
93698437
59417314
91327592
5023495
86603744
88384337
132743352
40996527
84065260
22450153
65805079
52132806
62937752
75028388
52613507
72107607
76921758
74936637
102409245
55970928
54187598
90586271
100999238
9016335
70936930
29917030
65675683
34590310
52774913
34079130
24363483
24606599
51586060
50665931
132779231
110858022
70525083
67863401
121957231
17243520
22819777
24851918
20788396
3778690
129094393
52947756
84605872
111667606
118602636
33493300
35329215
97713329
86705853
57840786
77764547
2216209
111202348
122212179
119666501
40682943
114086964
64734037
71732009
76248903
54081044
111041123
53365388
74660908
94866247
105491298
94797696
69508210
2269317
77519127
95461625
115643466
20625574
104854679
36724542
105063782
42986015
24042085
36494892
3319060
65518165
25369733
11781118
54898205
12974232
111655505
80613428
49135687
23860467
40077958
53822991
94678817
115544329
6357364
7112639
81935985
52173734
33198027
114138422
92692149
117350277
104288027
131127209
11471619
36423559
52813291
44041322
89864615
110581716
123525247
120494918
131083496
37826934
90775517
63704353
52740481
18291269
31411696
94293511
100801482
52091794
52794828
45345510
6645260
33172007
4328189
130506864
87764497
118837476
133877265
84711280
127737982
55872897
10701859
87820870
49220565
80147204
66607022
113994859
119106694
35300729
121799696
58676631
7023840
112288613
47186413
61966699
104827791
19333579
97090789
55327242
97263916
68013491
97306377
37349275
7118143
42694062
9967083
132989805
130473867
8760736
56897725
57946691
71158812
81804513
44504350
7261548
88437023
11639133
94611866
95042128
107945822
20555968
75479239
14329516
68573855
67458727
81747578
82404064
70178543
50089780
38300934
97668263
127437968
130522860
76616061
130881693
27167786
116777793
59927118
2349775
11896588
5499014
44475307
44832373
130393889
127988082
56759061
71092057
48807850
37873216
75216929
106510726
52423675
71453757
52825741
130839098
129199422
26643267
72461825
35942839
94608598
127853165
104042081
113961628
55236465
9417394
130612463
22163766
87589709
94585218
81215506
2277439
117442038
91644289
91862904
98270318
99464594
76793660
74117473
37613034
115896453
89348115
78956241
58578190
92249207
13375940
30832614
92167008
1308550
108342550
11267701
47352705
26313036
47978775
80129794
74764907
59524471
70809562
12425355
81105715
39087735
84093335
120480007
757797
128097455
34021350
65918517
4391673
103279798
34188144
95308354
91966173
66189767
18610166
22546380
2184903
133806072
56424755
36534328
113133494
5640128
106059442
38735391
49918430
5074033
69358194
38685568
82885392
14202869
32265254
107071304
79091720
57766206
64174351
76986120
105307998
72596472
61788627
126131848
15231089
104853884
111793261
128334120
22203879
79759030
1451810
69210034
65444381
20998907
10296789
120227239
114485987
109325781
81720606
12861932
117559486
59596351
133970799
87288131
29428556
44993143
78656266
82659562
128090293
87948513
104654274
24415622
68441912
70785065
46261609
4347290
33360367
112708989
92530322
55169961
26797286
11127431
48118962
88423117
63157959
23370792
110844800
72540055
79192669
122302224
39180870
73858167
65973791
39217972
36485564
40369279
115583519
61914988
42889056
13701438
8600756
61230812
108615816
70583516
53443255
9523737
7283061
36770969
57197534
26207234
103225568
52016368
23116633
63654958
70796602
28398248
105530056
92895252
98592807
40365854
89555999
70864287
68733319
48489716
63423016
56843058
87129870
44890207
79509391
30505012
123589781
89703527
1190276
34636834
109976986
129819757
96607285
80372773
68637529
26078692
101435364
103999658
125156843
6402675
3045946
14204205
8632448
68441032
75627452
82821053
58856082
89019692
38015540
37987911
119549395
99952107
69232192
61006002
106748225
128414801
40709533
132576429
119752903
104716731
34518566
17331837
63768721
58714985
123898675
26303197
85374480
73785321
4612515
129679818
88727874
12835649
76463010
39494763
39454660
61918875
66228307
84409553
55392744
77892832
37168357
87676758
128606697
80347346
44860099
111013176
120260363
130834783
8527009
73298047
70883891
113483712
96279294
4142743
121501740
38964939
13175073
42167048
116625720
32395677
52363802
37650179
46089924
56679159
19253321
38939271
114279929
6759977
78446038
102775942
1334518
108150717
1949891
45190960
98582212
52691616
68882545
68739244
123729095
102891615
127931119
100551860
107438752
66716011
61266255
125543462
10833240
2978086
59613581
54778045
1516308
86302591
116937832
39464625
94763262
27409966
130300973
54952604
129102781
122000554
13952028
6607324
123123139
114803646
16488528
49414793
97965619
90717134
71231308
71339299
15473369
123822214
84563401
89610154
124153733
90681277
107414358
4195790
15544151
60164995
31756233
114086621
52535401
19862103
84396874
14020264
9715009
74900828
58452254
113823830
91009428
86843392
56795304
84447877
10434877
95412755
2812596
113260117
34882957
49152202
39640459
133400037
29619893
81019351
10163700
82067679
45369638
28746739
21502588
24131011
127929706
88988060
48058172
42824436
108210143
75426051
130234369
109953653
92621919
78919310
128009983
21399494
124804742
130354412
103766794
5350219
71851371
45479174
48767565
106184980
31331246
52659642
97799629
4564606
44478547
23907560
6544605
60067977
60174541
36087266
66509248
4353044
50152316
111459305
129612792
25655728
14406189
42996760
89260043
94491882
20798071
6927678
104436339
121307816
32784572
56870941
8702397
94621728
30750282
95646425
45406685
41552856
23229897
102308951
79204500
49530272
79573321
89369824
68582971
114585202
23461267
83517460
117028778
119461134
32235641
61414504
25985365
107923553
112030764
87822337
42616886
81113958
88453340
40087313
11323728
28513713
48426463
33706729
130411510
58923175
36497028
116787504
97768202
9424661
11721495
126439525
44643887
125885398
59461166
36078855
27744157
4776243
125093553
19915243
20395364
111696366
72313564
131788802
72438539
104505330
92692830
56571268
68014642
93523817
93964907
20247197
90579741
5877354
103016688
52485767
52891356
22006457
82397782
85972060
115375476
89974023
13322854
110503937
120112044
24816581
85443110
6110480
106715062
8497420
37589329
96361946
123037549
2723278
71129479
27216955
127600096
58199928
13893259
92639835
101326696
84968708
48948131
109869541
121343718
98944293
59165901
43507975
107807031
5463271
77688508
9284448
125182259
99316856
14164301
21985065
104304578
61694014
19465085
33627234
99173491
11978308
91695376
54577910
31853473
92432919
85728236
96188131
40730809
124629941
49359412
124396002
3513451
90028166
94761059
102172162
89310894
86510108
86179279
47287934
84033947
49945276
88720407
50461595
120865714
65959016
99614540
10997567
78761350
65943797
124997391
89252435
83371160
29482493
116759086
94031780
62418620
18581047
50427707
94241188
125563384
92050578
59962987
70558424
127063921
40631510
127588729
46525079
37157174
96884240
108867831
38600118
77563878
68856246
47892176
58464359
6412336
44820180
19360735
2998730
107182729
49050244
31167944
108986517
108909562
60206829
60438532
110973504
91285140
91815240
68499218
15889282
85599574
27668191
128020463
63243272
126254433
73233982
47243579
133335097
36234189
5706810
81722702
94472293
86689003
13670005
34172633
134155082
73466896
37606662
128890139
89128173
33569415
90300950
59763072
129362906
55077582
132904028
20403287
68983469
33890238
25340172
1858543
100741286
29553631
24760564
39275218
72090770
111805296
89671099
83622340
68898544
131342788
45357058
125089113
33680577
49783602
61590171
127207254
90342669
36230026
109092899
114375130
37759111
54342833
97900517
37419099
103934426
89537903
93247545
103643635
132738985
1684603
117771818
29657664
92501927
45903752
24787377
100275104
80839697
89367120
44268060
67628576
10365221
46772150
17518787
64460297
4729756
3131856
89808788
70821692
113129195
12617051
4470108
21948539
22482557
14941991
102170270
7105795
56139848
17357623
50848169
71040654
93696091
45770643
89108877
44817194
29932752
126531473
51025743
65853548
6939874
27931453
96848101
97333149
79793072
17236927
66830287
111159416
107612081
55856955
8661734
60369482
20492750
76279930
113914581
89519829
106697917
128653379
129638214
68123328
29205312
41950197
73504583
13035484
75727706
41433104
63562933
21826162
65101023
34921747
127330096
79434925
33945274
517788
33695415
29205483
28977263
3841527
44320491
44593520
10209
63770957
31585172
52146731
25034303
117323221
10493172
125899647
73476524
130301693
69300093
118186995
33591854
65203176
73087698
72772059
120414778
10351089
20417123
26621027
125076536
93637750
52176594
85784416
73527373
29081413
79546949
83046475
39168777
67688345
67071773
131695966
112117634
48690653
41766431
125101021
123448236
71729811
46965589
1573743
80531167
81658436
47471211
51090146
93156839
10842830
49885095
19265839
1385931
15815581
87079372
106550017
9461523
