22003173
22003173
103483576
103483576
132166865
132166865
118602400
118602400
56294273
56294273
109102199
109102199
95254917
95254917
125082160
125082160
74490485
74490485
19089709
19089709
88881583
88881583
68882855
68882855
48898605
48898605
80094004
80094004
16202713
16202713
98270373
98270373
90826934
90826934
44316667
44316667
103485911
103485911
111465719
111465719
54258123
54258123
59909025
59909025
71308386
71308386
125221008
125221008
6965181
6965181
5655974
5655974
32967784
32967784
72965727
72965727
58468502
58468502
22664585
22664585
77479400
77479400
116714320
116714320
130563805
130563805
15166191
15166191
121074427
121074427
61029972
61029972
133510069
133510069
6633093
6633093
84901867
84901867
32956629
32956629
63818403
63818403
124437614
124437614
43216819
43216819
15696016
15696016
42415136
42415136
13939500
13939500
53883652
53883652
30782533
30782533
21144928
21144928
66657603
66657603
21532672
21532672
101060708
101060708
122579726
122579726
113067419
113067419
42671138
42671138
68586724
68586724
40613379
40613379
2603315
2603315
130793737
130793737
33451038
33451038
67434872
67434872
119056430
119056430
30947494
30947494
21942437
21942437
56068519
56068519
84893810
84893810
87070622
87070622
39102564
39102564
85347550
85347550
69555501
69555501
4517201
4517201
81731427
81731427
5965229
5965229
59634799
59634799
125956052
125956052
99453659
99453659
115045297
115045297
99564986
99564986
11235738
11235738
82925315
82925315
82616817
82616817
127080259
127080259
40154572
40154572
43110607
43110607
123236057
123236057
8568345
8568345
65632987
65632987
32311972
32311972
68835966
68835966
14091155
14091155
89391459
89391459
7294840
7294840
133755031
133755031
79814703
79814703
26969707
26969707
35853039
35853039
52393946
52393946
106470840
106470840
110269944
110269944
39603855
39603855
14915708
14915708
46871110
46871110
117312898
117312898
77995904
77995904
18701487
18701487
70635875
70635875
65247468
65247468
25911802
25911802
53205720
53205720
119823760
119823760
131832062
131832062
31719546
31719546
104604437
104604437
7538686
7538686
5771765
5771765
34166267
34166267
21582344
21582344
71325141
71325141
130927540
130927540
102367695
102367695
124127299
124127299
58407023
58407023
112646280
112646280
121956698
121956698
115573793
115573793
131791719
131791719
70588173
70588173
7177305
7177305
15550282
15550282
19466091
19466091
120609659
120609659
42351971
42351971
91263036
91263036
131109967
131109967
50562373
50562373
73232448
73232448
61248730
61248730
28225419
28225419
55395708
55395708
119963449
119963449
13830579
13830579
27467777
27467777
93546730
93546730
92387564
92387564
125452792
125452792
83180469
83180469
40534155
40534155
90855708
90855708
128472458
128472458
35686375
35686375
86723173
86723173
39233199
39233199
34288713
34288713
80902922
80902922
116871776
116871776
114193990
114193990
109740978
109740978
87489758
87489758
22075401
22075401
83810960
83810960
80716204
80716204
33978569
33978569
68075385
68075385
105130162
105130162
97769149
97769149
73013960
73013960
39874288
39874288
88958869
88958869
39811237
39811237
65048580
65048580
19287683
19287683
62111166
62111166
7435706
7435706
65620405
65620405
47475761
47475761
68676798
68676798
132738880
132738880
29699582
29699582
61368179
61368179
55142738
55142738
51047191
51047191
71049880
71049880
100351060
100351060
43176686
43176686
133383772
133383772
4922323
4922323
101650213
101650213
42745292
42745292
3407843
3407843
113512695
113512695
44275668
44275668
98316591
98316591
125641978
125641978
111508742
111508742
94020105
94020105
95815492
95815492
102157514
102157514
56154562
56154562
32757695
32757695
4997140
4997140
64865071
64865071
124675076
124675076
35142771
35142771
24426611
24426611
93173852
93173852
86367655
86367655
56199320
56199320
62390728
62390728
13792266
13792266
63027146
63027146
101467428
101467428
119952644
119952644
77291223
77291223
116605249
116605249
88473782
88473782
68201209
68201209
28304198
28304198
60763861
60763861
109987590
109987590
125614816
125614816
118846550
118846550
34085977
34085977
78891302
78891302
21530172
21530172
32819243
32819243
27812124
27812124
26960367
26960367
132365039
132365039
951207
951207
32933778
32933778
71673052
71673052
90143336
90143336
14934642
14934642
35775642
35775642
105392150
105392150
121156348
121156348
38608553
38608553
68765351
68765351
43442200
43442200
89101271
89101271
80088855
80088855
108191745
108191745
43223130
43223130
22852647
22852647
35687084
35687084
23527405
23527405
117784132
117784132
41357375
41357375
40361872
40361872
127558141
127558141
76343778
76343778
3239517
3239517
17057244
17057244
60727033
60727033
70968351
70968351
55966368
55966368
121383266
121383266
11699435
11699435
50793352
50793352
60449797
60449797
14110151
14110151
80847651
80847651
15255009
15255009
18238684
18238684
38288994
38288994
118407778
118407778
87525407
87525407
70945670
70945670
5622223
5622223
89027208
89027208
87281676
87281676
121818429
121818429
123492938
123492938
30200012
30200012
2929191
2929191
99139486
99139486
46240418
46240418
120693885
120693885
21224122
21224122
96958807
96958807
64173110
64173110
119743706
119743706
25804655
25804655
65723929
65723929
64614005
64614005
65706256
65706256
76643401
76643401
128619974
128619974
122842694
122842694
35497305
35497305
132702019
132702019
124347469
124347469
126147520
126147520
53587430
53587430
96262107
96262107
23219482
23219482
13155103
13155103
80457244
80457244
89094378
89094378
84860342
84860342
89713416
89713416
116368918
116368918
60094169
60094169
1956038
1956038
13155320
13155320
76993564
76993564
110383171
110383171
14689462
14689462
128857256
128857256
54304542
54304542
29955048
29955048
45473813
45473813
6346096
6346096
82701718
82701718
101728004
101728004
86020299
86020299
11610759
11610759
38039740
38039740
9434717
9434717
58065292
58065292
87535250
87535250
103293956
103293956
50085821
50085821
108999841
108999841
86871531
86871531
7955511
7955511
88173760
88173760
91584368
91584368
17458375
17458375
36790048
36790048
40477400
40477400
127403117
127403117
33950375
33950375
96290995
96290995
67246141
67246141
124178246
124178246
39872150
39872150
33379583
33379583
98353232
98353232
84373287
84373287
85243854
85243854
76095991
76095991
84497739
84497739
114318539
114318539
100694531
100694531
21341606
21341606
13224739
13224739
100588206
100588206
111129418
111129418
42599479
42599479
114763652
114763652
96793485
96793485
48512143
48512143
126383776
126383776
33909476
33909476
34792419
34792419
28059313
28059313
44824785
44824785
77453630
77453630
79311638
79311638
98084444
98084444
70374754
70374754
109298343
109298343
57932854
57932854
110898556
110898556
6041725
6041725
69364459
69364459
87360927
87360927
40883514
40883514
72527438
72527438
33916602
33916602
5030983
5030983
63251644
63251644
118177159
118177159
11017597
11017597
2784914
2784914
110683695
110683695
52968392
52968392
70452368
70452368
112347933
112347933
89291295
89291295
13028413
13028413
88739959
88739959
18996106
18996106
80284215
80284215
117996060
117996060
22107474
22107474
126048564
126048564
84423968
84423968
71186123
71186123
18974956
18974956
24580039
24580039
103012178
103012178
93196377
93196377
66955704
66955704
37454266
37454266
90362359
90362359
113921012
113921012
98518824
98518824
64121253
64121253
110659136
110659136
86947575
86947575
113855594
113855594
88691196
88691196
112691661
112691661
71035674
71035674
74424364
74424364
126856107
126856107
70000677
70000677
78140042
78140042
24974675
24974675
73593623
73593623
19165669
19165669
114353217
114353217
124253737
124253737
112129595
112129595
53301045
53301045
49716619
49716619
24195756
24195756
86528237
86528237
111290289
111290289
110896318
110896318
17615438
17615438
75914723
75914723
44938386
44938386
18143036
18143036
754986
754986
66926070
66926070
24541981
24541981
57255793
57255793
113073100
113073100
28987131
28987131
115934474
115934474
82543395
82543395
22481173
22481173
65004177
65004177
23070702
23070702
116163269
116163269
16562125
16562125
30476224
30476224
71295809
71295809
31530091
31530091
117692720
117692720
93138291
93138291
110513971
110513971
61715059
61715059
47483485
47483485
26634124
26634124
114128240
114128240
96518460
96518460
34421907
34421907
4924855
4924855
54899794
54899794
66057999
66057999
49693021
49693021
19270316
19270316
38899481
38899481
4520448
4520448
2245829
2245829
124985597
124985597
82378739
82378739
95422227
95422227
132310194
132310194
22165864
22165864
76779297
76779297
10822616
10822616
42109980
42109980
21781378
21781378
12127815
12127815
14886788
14886788
35498019
35498019
116878354
116878354
43506632
43506632
4806265
4806265
104806580
104806580
80121299
80121299
108651238
108651238
95569486
95569486
79672738
79672738
128780505
128780505
74176021
74176021
125076121
125076121
57152995
57152995
72693187
72693187
83572211
83572211
37571743
37571743
46057846
46057846
59786956
59786956
100939914
100939914
2871790
2871790
5914016
5914016
113720178
113720178
128199045
128199045
38278327
38278327
94956998
94956998
83010037
83010037
21113777
21113777
22267182
22267182
93481522
93481522
673398
673398
87637977
87637977
52284257
52284257
82358942
82358942
29896702
29896702
45199667
45199667
97013026
97013026
51913654
51913654
28433080
28433080
81648146
81648146
77857678
77857678
80541855
80541855
132039266
132039266
