106846603
94562268
69001740
12540461
104129349
100360942
13030023
43434037
35621835
47362064
76613373
10771516
108701058
34569697
21054638
103107328
46012385
106630991
69367717
83780762
112458599
40944384
82788620
117065811
124308520
80691742
52328279
98989958
53709441
62927848
42736684
96867260
8598671
120554510
13334897
17033552
112238232
94764853
16676359
102137160
48421217
100516053
28763956
131851388
39951839
118094464
52669294
102030500
893954
90137046
100304287
38471601
12294824
54253403
74849005
28217786
49106277
72766553
516607
77887448
10124944
20956663
26217276
29385335
4066084
21450954
112480755
49904464
68787664
100605079
18594250
7757011
84391895
13641542
9997424
8710716
107481145
64550836
51733716
34935439
38470339
4756859
11107312
23444199
65432422
85151432
92021730
39384340
56337727
13641762
10229799
47203600
86433437
127687350
80241606
79262689
40884318
117863961
38409886
96404776
99047957
132551951
119803097
82197564
25181561
669800
89238449
40050063
125576745
118760422
41194857
63407255
42328264
103949747
24994552
17105597
126922240
108764960
44715701
87489734
712537
19543622
12568190
112451153
18508829
132696578
122961178
108856115
114322387
25348023
88828759
27579702
32958290
108382578
1037708
25218495
67696900
42493571
50097753
93666300
102113070
8953259
119449300
107785458
65078003
59888440
73547299
42476563
6031973
11501731
76657544
114451307
99690289
81538279
45344161
29427572
44745578
104645319
128717105
25830928
79751764
83795017
110013050
49213914
27630751
117565843
3694364
93888513
84149385
45473227
117281460
16837691
112801084
17157843
41278152
115315276
112457843
100102212
119502481
98330737
1042132
86562523
64473324
132843181
26947252
116344010
40856893
43375767
117444081
80935805
8458473
25305355
108130738
38005625
37823007
108994948
124378903
74826983
110779384
87554000
120021738
23439441
124289557
1609032
86863656
67995474
61406260
102131576
113064146
51293356
61335791
50134619
19297688
33721334
37841233
65700631
69674443
74442007
62228826
121011524
120765847
31353685
58342870
103683092
117229010
111023155
63955622
64703745
90152139
129548003
32437104
36245598
62813172
50565026
18658528
112326732
124494308
6480384
9970695
101142357
15506037
27609101
46473472
115982913
72215113
75439772
123951630
125126143
81826214
1893075
56992312
70237342
102287467
81839809
98641003
49555432
92625363
35045844
1170608
99464098
32915969
126149805
9877401
12715518
49718588
115729264
82360063
100340115
55414552
72267448
75491915
41627226
39465136
22611165
48028040
110833476
253356
118807702
18952921
8285588
82042274
23857876
42792406
85887255
59216541
62450193
28086933
26574703
130362462
91849853
30269175
11872059
83770115
37240405
91511978
90361277
56891732
129845353
43738419
43126231
8502634
23191960
93691512
125842956
106874239
125485349
27756760
53052413
57282089
67984781
93692765
105014607
119479575
52498147
27563901
8640721
128448104
40514164
123279406
33004771
25951263
89057148
20806699
14221373
117964211
83687753
37779831
52204585
22393947
105444053
68633415
107019061
54992382
93637936
73174647
28943786
31021658
101340655
103212693
45184080
19403494
6852481
93069281
117321755
45826817
10064508
126358742
89731446
52013545
2340571
64906827
1852155
129670264
16353585
57426132
4973282
19022316
79420818
1853906
121421157
86092586
55195058
82569990
15567014
64803924
32756103
6533767
131518986
55761805
116852318
38934321
18486721
99990135
82782913
3535253
41239105
50304669
56180504
44901796
84367623
37684230
83629943
9182910
24388275
36037076
48670583
53946117
20451236
81726506
5577076
37547534
44146679
133692695
115062318
45854521
87833872
107991186
65885296
89951625
80948917
31650467
41505082
120558825
115212183
51225184
3987709
27516590
70719042
40631886
32852446
25072324
121020875
123346243
1258659
51506150
42080154
32648995
14155470
40188114
101136203
70446721
13718347
119983418
61072079
750661
78075856
24393756
93599738
120761259
64049149
120196705
132720693
7802782
124567818
78074572
51897014
130007970
15626614
68616464
90908797
78505365
105634380
120379690
11311503
59622731
117183773
98409469
19059595
123293820
120916894
51023084
25322401
76412446
9756120
9357146
81424455
13452488
73435781
32245705
74340018
80821410
83909094
117925547
85099778
41558505
38334929
78833322
102519282
113498460
16265881
104025505
45952739
13665263
58532632
129339393
11512191
131647519
101904565
106002090
12397231
84099856
13709756
117240207
26078995
41624950
59990230
20875677
93381644
39373718
77739939
106482947
76310281
33716145
45360582
16269588
128334485
119579978
68918880
79679831
60467155
94406530
109810109
57372927
56363335
61945267
2896003
53157114
126526167
59467722
76284341
100747052
77434996
77733883
19125520
78956991
107809308
28195036
107941818
91154280
129191617
2020383
57182498
60734450
99177622
98186711
97422034
2626696
42688374
1219908
111534175
66655884
90878832
4692639
12241029
118408035
41977497
29027188
16528332
46585338
60572813
78145107
80880997
14089221
102893670
48886304
8431450
19072266
75156630
97248426
7062055
65052006
49691925
107806803
4431835
119539292
72746157
26324073
60657543
109596131
83920989
9963641
71349613
92272508
2659881
97961262
105717103
93739877
21845822
108525264
67825674
48584515
30693394
132797154
60619659
22887600
67443460
110431002
19107414
29823436
75446823
14609845
62656306
116025920
105830346
53645177
50533241
24849416
11620477
19916284
122151447
6442879
122699
109467162
85237819
52313892
79571685
54675386
40227832
10011441
59844911
82396873
101511458
95972432
71789675
5079940
124892642
79091561
81254040
83750387
61855630
44297397
106434611
97429885
117123601
86533297
117177488
19097100
82949517
8647202
113855126
93443869
25496289
29019847
77442902
90287631
45933221
63239937
106061215
31141428
30996364
18544028
38105104
133211711
50058776
125723059
127017819
12455325
866647
109079904
47499178
122277843
96814500
90193681
94205588
52728710
30542410
17152181
65258904
110004854
129044148
70610467
83995838
12879426
50079819
9718275
73220442
13588323
26556544
121288557
3062540
45891348
37100608
97090487
129451443
5035924
724246
68776574
32333829
98026075
29462280
114462959
67221732
74176771
76607305
50798553
131633656
22067811
50883024
127032257
132931678
4270310
102565520
82737988
32320476
54595619
102886305
61566821
22919633
1725814
77899130
89477864
100926924
44855343
79763139
33823804
54870316
53050108
120227874
112297587
88480692
82147568
25176627
4912125
87926047
58354965
126361450
89518876
113866691
9444107
71992367
66208884
118358484
97549867
110733896
65720615
90490662
54862553
32220565
41898749
41287667
107081490
50717094
88804139
869198
123441879
62634255
43192783
102939180
33176331
133492509
90855352
115144580
114719690
112186502
30509315
16922793
81522996
24228717
75922292
89852583
72987261
49512022
2832912
123644690
7827347
115950970
71594791
84901477
50956139
95197400
69230110
132039645
70546327
69112567
25107201
131566979
78000180
126456577
1948380
122426591
94055260
24061212
101934994
49473701
26835102
125102315
122952747
124131113
29830624
48905120
33337466
96337097
35602279
89926058
115213731
93912838
74772793
32941799
85268740
57278176
629380
73618228
24882374
8078379
88682544
62188327
87888728
26562974
79155273
14584148
7613579
47061638
50033006
25184032
110732129
15391808
77377571
83118967
112472015
129242795
90677482
108594120
128626491
115874926
118050103
33540165
35952425
48195542
86098106
95336038
45947339
104844130
75937788
112637806
111794681
93379991
90223747
118777060
4190933
123480190
99148557
4529805
67931644
64663562
20741008
47202740
69662049
33844088
68501147
108257047
16731807
101700734
108818067
39139763
69749179
58905489
103454162
64408639
113817472
20581737
117142765
68198718
37017922
68582550
44443313
77432722
34900430
53804844
111211374
108940142
41438111
11163894
101769193
69167316
8918197
133433074
50876243
44438685
54504022
4585209
119845929
101188549
4916108
31748399
81606904
66766002
83266435
104451407
119550653
32720749
42284205
94533235
3878506
44127225
97609378
40209667
62867713
93818926
31522444
17657895
88936338
108930208
5027030
46227943
40392410
11650089
34744319
129205392
66899652
2864878
62321944
90497040
19466075
44043515
24996220
111922040
76282971
11346037
34303341
93546768
63138676
107198957
131464965
115326048
27346856
77812026
23936148
102484425
66919529
64321666
81243011
73809867
106551552
30866866
29638483
97891333
73002986
97622912
49785816
85333161
125388836
13550764
103702891
131425056
93756986
79519113
26120733
23632428
26244423
69006840
1665782
15779337
61865736
114711596
66861241
42531503
54461801
85999607
133848939
20509728
55380716
67008324
49766368
95428985
87156583
106458230
26640675
109826088
5539242
109869607
88025210
73682138
450400
121354315
93892280
94596211
76865960
53900857
95624676
100264009
111444102
43237598
50135235
91987519
111169933
18942202
14230037
101617939
51637758
13803394
98365076
84997324
63266266
86063994
37419321
116325926
78739958
4908896
41664152
118751346
121385107
131745745
40110164
24767976
110361351
107631066
18121823
106571960
34261484
67906885
77195196
121037869
16271034
52807429
14833753
96766557
50726173
20691841
45344766
39734887
28646137
60381776
51486396
119654944
131182294
15504652
33396153
98872441
7272187
21587703
94703738
110050781
19213617
55360833
89170128
51543966
7623322
239056
64115456
36496637
114650125
96265618
104162692
50966947
