104540329
96035838
59939834
73716653
26360035
16915198
23827768
26453830
51532713
106119304
125530841
119787927
132136405
103435567
59587297
106288360
79904694
69948885
131838867
11485016
94935576
132735782
36205010
46891311
53260628
63486893
10543150
12852988
93262868
16168257
62723275
26780187
124313967
98605926
112169341
31670680
60760365
114487897
119986347
78058149
105350846
107899180
6781676
60917561
52633619
72228545
93576019
35061895
29456410
41719514
85091322
104761237
301703
26086016
122341357
20900693
23226173
34328785
109481627
103360781
88228281
18073525
53489756
2439118
60837162
15734558
46154650
49763277
99740545
17103395
38959649
101942376
64330991
110473471
115881137
54670368
25232897
51912755
89368984
46218594
8121993
117276401
97145652
42821787
58279456
9026196
38207854
59026724
59172925
58751784
101658474
131972683
9897072
4376167
120445503
82622158
96416384
56732801
9649952
5569847
48944555
81303275
66826124
26394190
69736438
123865402
45924026
70193391
13927466
33159963
11218097
6973619
86677222
124949067
6243226
109716553
68553378
53412197
59265291
124652301
23279588
112519945
72562861
32828076
42814918
25661023
118722583
66514522
9436229
12896054
73184128
78509203
47037069
34460700
85418856
30779681
53675435
27569276
76642481
91633849
39580499
111397617
98573951
68603069
16501520
18735208
70041483
118303597
101479717
66324708
124044844
64804366
111437896
106004314
94810891
76137203
91838691
95015261
18005220
28258412
92787100
79798299
22342090
38902104
49758407
84310432
7764925
93538320
52741527
6674813
108196686
25959492
7076039
105604858
44707593
48778362
7598547
7095899
16662058
67145544
79339838
130174625
82233266
83844068
82114591
37134005
93644174
98752824
57465723
107754529
24932682
33119365
107837348
81772196
86839856
83661555
27389165
54667635
121664813
118637992
126291506
80911013
79177762
123516154
104517124
102517545
65955122
99734347
29026925
67779415
84333808
14776580
55638678
93144398
64773778
11766763
50768044
13893725
66481575
6795525
21996879
89627850
114021272
108413324
56540835
67501150
95042097
114417232
75658074
74091065
103384157
46766112
116643647
59294508
15389477
1485141
17855223
69261808
72559706
47559345
8653571
42724856
80035569
46130870
107684604
106679946
22025622
58697518
119484278
76753296
104268813
129398994
73110053
8166250
27664583
82982658
128033240
19524688
96858179
72216738
60709946
114739542
110509320
57538864
71738971
23625414
115967669
93627850
60784065
110047450
110109608
31315624
47139272
91577873
14652501
83471349
16136395
59020234
39278050
53445457
125738501
5327915
48003776
37630587
87591285
127965981
84243215
122550190
20954530
22134168
40412693
10397393
123698186
62044449
120557324
84030352
48793974
24365249
81890064
23666131
132911271
44772615
73378354
69755594
39567219
122857714
62768266
1764283
91646219
83865066
64454210
58398773
13769816
97670985
71054362
133472226
54471957
91471516
126999191
86844874
18292693
118849833
51714480
22702793
68674592
41665925
38636514
118933352
97900546
111789551
54136921
129071215
110587323
132491422
25572635
49469678
39120409
76297402
77705995
120350428
22200197
52053980
110183373
25877995
25738479
14749122
107075609
7065476
56229666
65827353
110592986
52484184
128860793
65561537
103085030
37826380
129974780
78762902
41809590
133239007
37654636
43909788
103496059
98069260
86745295
19097632
63953370
66617454
83347597
100792342
132215285
76242683
50278395
46583441
56125302
110040602
14220387
116852351
35463258
52861105
70343847
45337854
93561083
124626282
117473804
45028420
14098955
54054783
22168684
63236887
130950837
97126451
1376461
1745749
122005493
35913952
69094013
58343185
53177193
108233314
2520015
51040948
111893940
100271920
80606098
15151152
101715153
5818113
77076131
53986009
115475858
3045249
10173132
56977878
80378486
130295330
34089035
96408283
93440220
38854251
47573608
45730763
95472655
114050590
9718500
52901053
26149961
76971207
10650070
42935959
3253
115657136
79023280
90369767
40878098
38140167
132583807
48343857
113401683
96343576
59942565
126963889
116243903
9494072
48598675
98138885
87524501
24063405
105145044
100195015
71346482
33262430
32400116
27740260
73623228
98987922
18651247
568452
45707146
97822918
48832211
103920750
77235780
4217286
123256055
40851932
23450694
65744411
1125850
121705813
84185376
45388332
81428500
61277007
107146966
117190074
93507631
126404567
60859581
122261963
60812253
104668223
17397282
91311759
80343719
51313288
84890459
133293728
51447274
90491208
3803350
125911046
97323984
113423232
79876325
66318585
58367312
59358855
40952310
127200302
85794872
37027449
119739237
39118544
29492676
602975
17009361
84427708
3857666
128483009
20154762
88872049
104714984
98398905
72735421
76432970
22086714
31012108
82791010
103168569
81633365
25212969
65298533
91462248
91136674
6183074
103734608
2283941
95411657
116876947
75023125
77494776
97703097
99526133
119567952
71540905
46224940
90222825
64260076
20565980
98304093
97910917
111486821
99063718
128723686
44632135
130951445
33196422
56496380
53407880
74046747
48845933
124466009
95448871
77400088
12254145
9746627
6246964
18057791
110546489
44539593
34480777
37430451
98088296
6359221
53525257
54556319
81605456
114246923
65834945
98524849
86196409
105261055
31863236
84729038
63226569
88964241
44670283
54514543
4243146
1105337
52285272
65006903
49512699
86521258
92258745
84988162
50574763
123921878
6028989
14201208
29313009
66767911
107653525
98684913
117242545
57431258
82130653
123380269
66080350
60085251
46558631
34075621
93364004
98132267
100848845
38897271
75887091
120524294
115133464
37011581
40510520
82642526
26259165
12438267
8648226
95769279
57295620
81001999
110788769
119394415
4648035
130653451
60382676
96539636
113229635
85619553
9067831
100745891
65326921
83092941
119810111
74959805
25321329
73318292
17727352
73322113
80659989
50821815
60509504
81753264
30783858
77816086
18259483
106509956
103017222
108451871
88856799
116603477
98465774
125929184
26315469
108615052
25170438
24199623
54542591
90510842
33970854
14494197
61656192
5372107
117200786
59803866
18706130
39778407
22999844
68481890
84840278
34574941
106591368
40781960
94266236
96600781
8195734
66827912
19239498
111054258
97541699
71241575
53908482
32859481
47880390
118004023
24838763
121159612
126905298
26002305
88809614
127753316
31834819
133192365
117582238
58899339
72580466
40264520
105336863
38751569
4123146
81896356
23423812
15567906
58920533
11229165
132483732
31395051
99516456
100438857
56476842
30016009
3115594
14231690
124356909
119017513
99316846
103394985
54594869
128532457
122212992
79366123
70468132
14349965
122724185
28639675
64840276
115100232
9790635
52978797
29944359
16241359
36458757
118345485
35291942
40552674
68433834
39668957
61711727
117438268
26147028
103582115
123221574
86073865
33419730
80269839
45899371
111517258
41907462
122629935
44863893
22589584
115520355
127832994
74484956
119784826
120324521
27853852
3476281
69951252
33888455
77156193
31503074
99262814
74121993
46604614
86088244
111397460
33153675
14818147
22294058
107895808
85192907
76410688
2838277
74074654
129815790
13824777
102627230
31480464
113836232
85219542
95493997
98702644
52685215
101001184
62522528
14537854
110128589
3641526
73130740
128895119
30518803
38843468
32947631
10071615
62212619
70419861
122262959
98993639
42212145
43161137
5616203
67940260
55924490
18120802
41573399
36581479
23280938
231001
8041698
11841271
134191305
89725046
62155846
78679598
41269948
74527132
30447019
3301544
115252854
38036746
67378481
55090551
104613377
27240895
29309796
73907831
43950021
38917979
89626871
44297401
74990684
112475406
857216
49154210
123767928
60156055
48614569
61454105
107591308
108688718
10777330
88054324
68966195
61782481
57739491
28060168
94424226
48676103
20971720
132654736
74058348
96992641
25785926
56517290
85684178
72828990
125995395
72401813
12907971
120326846
88616872
71692956
71745752
51099591
130855134
127054783
14816725
30781863
55527367
106474313
101374494
113131013
235751
45672319
48739977
72635406
55750534
76915126
38296344
32656781
42603770
11618628
4777098
33989140
125443366
31766451
58631270
32986751
30000114
122260042
38128400
133850718
120198315
64934240
85361585
35416867
106364224
44007355
66119264
30279689
42228419
97564989
47548456
82430172
46910012
113706607
128800625
71667774
81597920
45840637
110058610
58568542
93873615
129387138
77134007
69824428
3788727
1252163
89376515
61272003
107389975
67697677
115817840
107290482
24708415
50213916
61293383
125302320
82772758
127468706
65435902
88572709
24355031
71342843
79231546
61998734
972160
117064659
67478018
92615132
28771145
30855713
27398647
23683609
52504200
86923038
75945851
26788239
23269055
4364731
37474174
81499011
10408736
86076188
105751955
5609904
44494136
85637381
105392697
103822526
20084615
115709700
132949301
114838696
88890785
63750117
14269584
98764901
127598958
108752596
56054810
50697060
113876405
105339460
27325876
25290015
40085079
31447306
7520228
81153588
16454254
82271630
119132368
30817197
81104051
97735819
22527342
116557431
56250739
43757503
100264324
48711337
99590599
86423157
74380938
59802332
81505596
115960688
100848033
55490982
111517013
53998432
117004337
115207645
60252057
22574886
91715016
131456495
58227419
82980169
119829294
94242667
4416021
54774913
57010717
52603526
29285125
100895604
70760244
29896540
49473679
59846357
58789409
44967583
37607910
