129591704
51320413
84933446
126902733
119031000
60156114
70667135
67717624
31942182
122683087
77668722
85742290
83745590
69287184
118905832
70145960
43902493
56660956
106047913
44535744
37425234
46535813
65827954
13607726
131818886
7704196
42505058
63351812
116548914
99713644
107568837
79395654
28799519
48288432
28048359
20420169
81679106
96376048
3748698
23539303
71233334
125601871
8089010
125797647
130722090
23909524
45494055
79538185
122756505
50100019
1074731
130880929
60139243
63055680
115054940
80787247
116678778
41639301
118168648
41570696
19369729
100267608
47881113
75486493
52460150
127284615
69330273
109094118
98777473
132700013
131264282
71437403
59706404
118274114
65047640
49749237
75587439
96412713
39118243
7489269
12648903
21764555
1436900
116036438
25897126
56350730
60819620
126399734
104587948
65858584
70867586
132941960
117355595
74182000
54930559
70341445
34138192
85973571
123244424
82900220
24025341
37109972
19058079
55719542
111377402
50482543
5635280
99257916
122105450
133344470
89276240
21072548
116833853
77728604
30117492
48454275
120312129
44588510
91768720
80368900
40155682
109148217
39261022
109732986
66082331
73798098
11478416
112064862
51667014
101205551
97477217
21351006
12905963
47772480
129975987
12932226
71505935
125249966
116431389
39350300
96207650
47296343
47121620
128238463
75753466
120395996
119656166
92179531
109165235
62114832
110823618
53803251
110687061
982133
48692458
74371355
54806292
96116815
32651385
108129310
21452561
14403298
110344157
89322190
126371068
94863674
110103535
94485069
126502487
131198823
38488921
56401962
57435257
36292486
36578736
29288353
52907475
73408945
29312742
116610250
61988979
102669792
103380932
124514228
102632143
15111583
87005736
6487269
102123889
80565664
118080594
65162332
37786042
99793530
49631422
53340990
40500541
35478121
35802500
36259983
2495728
16263667
52337729
45850264
47016467
47184139
120042897
84226188
22870078
116565136
1325539
120609634
108180202
9661743
53303037
62747869
123411659
43432329
47281897
22136658
61136562
14169057
130423684
125612154
122484551
105951930
77263121
66470246
46778070
41045258
71024846
105668353
44106157
27010012
59130456
39303542
47734053
127352831
69899395
12419716
37260593
109417347
65953360
63636161
87175888
85628374
120156203
81111496
67152579
20409502
15656663
78776936
48067195
46274547
93470480
122902562
56430139
127358136
80575623
80475149
121943725
3838407
50417002
85471283
20096153
77777247
127085815
37639055
2557313
45354073
95440832
21573651
34611520
63533123
69767887
125333693
93890402
109932443
126037136
15242477
59083146
15125383
3107413
64750715
41725299
117827942
86561734
87597464
92680389
5069010
125926880
75203229
101151780
22416352
47905306
96809818
101595974
22850545
43203118
59556526
82875165
59104520
57909539
13562505
61252330
24362868
14304756
34305037
110268484
23812411
56893872
55302049
85743581
87873354
127939045
82454657
94750960
20132471
40415654
11507547
107403551
39224125
24773968
11559764
24796774
45932300
10757360
80530166
31375132
107818045
55937085
130022219
59707857
38184946
31993738
17037213
20690068
65102668
85453392
64176758
130767828
30561373
74600564
21749141
80313297
73083127
77245079
52822609
71158787
20391531
48724197
55440059
119108283
38923717
61153574
82950152
86333181
63919402
105821184
122855298
88011526
47747051
61867457
16062977
44196825
124480821
126671568
77135739
68317088
98906866
68433465
1681112
123115983
134036957
59693648
130648515
90855133
108478171
87087032
97173757
81077284
41135611
3389946
89761843
70491323
36649794
11593961
120009441
28380120
132180733
107788858
15875515
25056068
59817879
82127958
68053872
119539901
16226213
69116681
114301890
89080146
30654757
74936789
114062180
602408
31903180
7253833
9876276
8855546
90892280
12308716
47103831
50379942
21555422
113090350
396500
84674065
63779429
47566384
79387357
11107704
11157477
100305206
127499278
60475618
103425265
24794673
28340757
125296190
119318709
34481545
57591887
48653817
92822213
100404129
7108698
77448440
109017883
28971541
56441292
24825627
120440523
71483433
76309484
128949637
126834367
56759611
115657159
118125425
18885102
39997622
107474299
125824039
7615921
88643711
56710704
17096420
82168837
121070220
21166089
94252014
25556547
65796624
102706393
72399134
10520358
107800727
11634042
49870643
37162779
126378198
116847090
98591366
105453386
70744348
45442468
128586692
133810564
132227639
20027576
125302228
57816639
107120783
68989356
63227743
109241147
86518158
38346610
78155434
84694919
126497362
77178285
126491824
16831945
71085381
117357672
63060871
24125623
61428564
4303700
72764968
86782076
65188339
115226451
70502409
119987158
100432648
84954307
86395891
122488096
14079332
43256370
106977486
40776308
55335705
91145684
97963101
2386931
112441986
43599340
126295772
18626890
26823641
93153664
123256446
19425588
69992355
76117524
44760765
40083241
45237755
88037267
54189612
95648854
132650359
293320
46413793
92275333
59517396
93245085
48519044
80791582
39361453
97279573
68685092
64254103
79351853
115954418
80837032
40067320
106234825
3375879
8114010
71591962
40642000
100327365
59218622
97272811
56080655
33367019
26471549
64034171
103320652
86593020
66147467
125828250
131449187
29518582
95924553
18791165
14662259
117834701
121830155
34581343
73049379
3648017
68156212
78123335
30647114
47474054
124115525
76204132
99654121
25246138
13397804
131728196
112424864
9817451
43995386
83666824
87976504
106450808
126438796
69147617
102202891
55441517
3133703
24240672
89344643
7138183
38899774
21008665
8988994
15300207
84498136
50826900
98581489
55062129
59823927
133617010
9508759
69511228
131295470
51636079
127110919
88796573
7233867
21790748
35074363
66210009
114875708
91216820
103709777
21960796
67010364
303987
53092104
85113508
113686038
53556458
62606436
11870816
104851819
22188667
106103824
130236901
128390248
69234623
73611935
116667933
124178773
117337314
35903400
51818998
44538499
80835179
1591394
42263947
53203594
35319842
97390792
63744174
5433819
37638997
23562097
127750633
34107825
99598742
92398815
16034442
99344525
110564574
118529614
72392800
114700423
130881469
99048476
39855706
62943533
127440251
94035152
92217937
66893706
27356989
11038992
72309815
127209995
18625924
64561494
100050646
121093171
85359476
78965235
113825531
46218723
41032769
102099777
78945587
122157415
102748880
117734514
11371095
111566014
32140502
72942925
132889319
45528606
111355749
51849171
32192948
122129123
83820031
35118037
79030775
13643147
117119002
53435133
104796239
58652958
130805780
124508431
116895719
76071375
9205415
20527896
51796777
69551340
17271335
43710973
124691999
80678723
93780270
19551355
7898032
97956119
49946570
118386871
60293349
7177608
52699553
16944932
91635522
108502399
89600621
50393291
73002469
41955695
77433862
94141104
92407829
49641288
16698525
103963368
64553901
1451960
64938066
36811188
80390052
30991654
105157219
38880355
116341999
89764159
48144014
94531176
133689833
25685085
60610148
77260766
65129649
132651407
51299230
44641259
36142934
77884007
20884925
23749130
12892695
122281679
86932192
57113065
128202970
83027817
129679986
105484364
126648327
39964999
3479937
31110874
24596900
87355210
21208433
64799342
92262035
109112828
85468080
35492492
116891419
90913018
24408695
81986990
89722777
108556876
120011142
116036692
55622829
24115362
54666494
112986734
102871337
116221600
17583670
29548726
44177551
59846012
23545463
19092058
87919536
55645156
571210
130593732
74368674
7452469
34591738
93878905
107483875
109687236
113206729
37100494
93527548
48108984
126528704
65719009
23719994
14031178
53516426
119101790
37734961
62963296
81172422
96136897
84906841
95056625
43940655
107391718
63073868
25920892
69849902
60272658
97666225
130707386
50546626
113266409
54047174
80143809
70705394
17827958
124466754
87943816
7622955
48048122
50931704
6645578
56230958
77186572
86974995
127522724
107473970
107975679
106355553
108477530
129573323
73575610
60483550
73271980
45993387
68608611
64335389
87574039
9238208
32797269
914759
9459039
54376698
80674744
88510185
19422610
9275109
78040134
70534211
46760035
52341798
24879205
1830845
103694780
115905166
55112673
104533368
63909780
97597036
79451489
118828312
74295077
95493787
100314995
80769378
69553726
49847604
103469915
57738636
119228609
35748534
101897547
75171246
121394575
93163136
129441881
74649654
45639738
104920154
32889885
108713103
131769207
1931330
35228920
15073188
77913338
13123022
95398380
108603688
16314507
65039298
32224939
68113670
103106101
50722975
82083181
85546169
105837972
47817913
42490322
124718507
39027098
80691161
98956791
33384110
108317954
39551595
51098493
10302263
23487593
74879210
117255721
101078128
20706175
115618718
127373575
102128651
67182359
130799038
81858931
30402040
80906295
61333829
38599538
73933491
128225263
76118162
91848886
2887103
44546537
42363825
25351000
128981292
124219250
1160476
112474079
74608052
80005742
28478246
26857084
43482499
90573928
13464915
5775145
79235303
64818252
114226742
79003751
27824134
38413413
89227185
83825848
80986630
15013226
6748586
19874531
104626220
35054717
95944960
131600993
133250773
44520794
1288388
53113840
112540346
104433244
123034840
70045106
84453778
39378462
7408336
2776602
84036855
8206198
46520989
69615524
116153156
99597484
37834896
55043511
124191690
28391728
113564457
29019559
42923301
93292326
101315604
36098710
36715647
62172922
51020422
4051812
47896219
