88705701
112195457
131108032
11777525
96468800
90454013
72964002
126819453
42427753
86500488
54316095
18416874
37493111
29972487
84681178
2168021
56838532
75794841
95372446
102058423
86830090
100771524
11156963
72239867
69243512
76675220
95376752
25203305
23001263
2921067
42807872
61036992
91886354
34963984
13473856
20256663
54723549
16848843
102042833
42974278
72997286
56452744
55880324
123996414
35172170
37645187
30089519
57800637
100220907
125867613
92681776
116749995
110028345
90381459
15811985
40808168
87387028
83340112
80086340
46231851
98574782
77562943
86175264
49172961
122219267
121348564
39912954
19881184
118268284
41052607
1873053
18828987
26617930
3114412
46608023
60185795
66966478
18899935
75203313
27921069
60536914
59898020
29900514
53512814
119364157
40028154
27301966
72954502
130629880
128217817
59279821
103535827
39289467
35612255
62209593
125915309
49406106
95809950
28748649
3604598
110473207
79578052
87890215
60429061
88310010
55853488
58442358
105534568
20269318
120957798
14913488
71260375
107336897
86877660
56968326
7792770
108404971
41856791
17099226
6888413
105488496
67705116
69655168
3670850
34832033
71930471
121462980
16894413
44077202
62146407
20807385
100002636
130740096
35868150
65330991
116636171
108261602
30706322
58536524
63956349
101697457
124623910
62969512
5646499
39974156
13716648
117067132
97079543
85893769
20070804
58015890
65506149
106724261
75109287
118409322
87192765
3979695
48740439
108320865
134106926
5990255
8937885
113629959
52980302
103847164
816659
85230300
21926221
35808511
89420286
41169360
38439766
79193860
52570632
121177074
44197540
58601775
116751543
37767973
100838058
59627205
110271875
76086166
40300554
91854356
44966036
73426047
98976177
133046349
86314218
127293127
45975329
96081541
64065986
115191059
42181493
85819842
5663843
97337555
79327823
27026628
131856766
54332691
106237021
74710039
68063508
43403629
89705396
68480095
6072039
94926386
74726665
40133949
84328599
2495819
82498100
43071066
129245290
10965777
112998074
118958441
15879199
73705019
53957851
86784609
111366418
119603114
15809171
92330312
12729053
39568846
98116318
47376499
57657459
113861311
43629695
80169878
37578600
4106608
41069832
108231513
68495585
33128094
3875188
17185206
63818148
29014891
132066110
72803782
119774217
16303614
119482752
128326284
111640593
66135548
42480925
77691811
80505606
15288998
50043715
117634290
65679832
76015546
54240111
86445846
84102577
131490777
48921584
21684068
18672687
12750517
37596508
51762191
114097730
126538575
57144840
76105362
93776852
65708488
42922691
47753722
29003026
9481790
9609583
123946025
15677646
53810279
16306113
85773173
114717935
86138470
1276374
97651882
37411179
16669913
25001763
132260353
96453659
7652815
1258170
85431690
18409207
77532277
46599273
67531502
74660133
119798154
35541686
93706820
112186740
125618182
75218200
46943859
43278770
4182396
63053341
94668818
4652846
109911688
105741516
120137110
109140253
76305913
109422833
55136808
118717878
5375597
102975334
25915930
107523273
86767614
111301214
105361736
9586682
64560224
28683017
24725856
23924480
105502087
10678660
114594390
87238282
132936289
42628203
111730201
7873656
69574457
124563553
118613184
59026797
115755830
84120974
14558077
11899736
118582135
129885235
82554494
70556364
106986620
81158165
5055432
97013949
89006495
33943262
23519567
50917311
94659171
100761858
104745269
103079384
63335758
86145711
25347906
117510660
59992597
1307012
104718376
87629292
59594700
76014855
126146823
74239097
53424664
112766390
18389400
102856805
131623854
36616525
23121798
75023644
88608514
1460490
52612845
128544536
19872112
111857396
42433965
104944915
113377002
60716346
33451979
65943757
29648046
37578819
129622928
83487476
12679045
66486948
94783834
72660288
45355515
93952593
117624221
74018434
60296273
127229337
130698729
11432621
82771540
91814404
38649917
103716546
21489687
87083549
57607442
33505627
31734129
21413058
55643102
74967159
82902897
75120147
129354388
3573477
129403248
24636841
101762438
10377895
29986021
101161869
50343947
38508241
104778686
13299352
57170110
60315986
23340160
65022808
402482
127272595
115439804
25222344
26195191
9179346
114179114
26735061
10903569
90135394
64272084
121980256
63135691
52131129
40707175
115148441
119386057
74502630
131494481
130611216
23272687
62168054
10804379
23972647
24687660
108481117
44294042
15418351
118313799
134184221
94846193
66354422
41646692
69499497
5744563
54039412
85452593
124957837
94585247
46033337
74441594
8380751
62283273
115216062
112633387
26229153
132774181
26973749
60758633
62198205
90753670
57158133
103758663
83947222
2581770
60371077
75169949
101585156
100998087
61372853
84644713
85081716
15121140
58071673
47255460
7880278
96791952
5293375
74462142
8487469
92843449
92289587
19991489
31061556
42864947
35580002
18929607
53533833
119078582
17342686
45473047
70267733
16542195
23564859
80069674
126401979
121415662
54690793
45983991
56449513
119802958
55719795
112922961
65788323
56523857
94860169
66347015
8982939
95392369
65676474
53109345
9251038
46275952
22624401
104757028
85909079
21614943
48278303
125417300
69072396
28705874
61900783
90275368
27280011
69407481
40384384
22265152
63582864
109806342
100755134
33722686
45153909
133655535
108572106
7043566
63691180
49790956
49925197
129135722
103588134
124993186
94458469
103797743
5179619
95521720
82615507
63677639
23455348
66914692
77824966
44456180
20668145
14134375
27987733
93633781
40082207
57178821
37507373
79480881
7626898
104328544
14611123
90275632
12615696
60473855
23327283
61872649
84471071
50962774
11966068
97764712
39436030
118784471
24793576
84387379
112064828
461606
30993637
79708686
112324744
55393752
95837233
27850126
117277174
109590641
23418377
28845862
34958999
27709134
89240248
69545828
117101997
60139357
51550684
90270436
86158155
83241831
131479824
61384231
8026804
121186743
11698739
9924294
39422301
49636097
24463902
104776169
77629058
127142738
3485040
27870916
83313169
7531786
127865279
11625483
72344639
18643881
30128826
16655067
100883678
84492930
64411466
20716741
94404746
402353
86869618
103654691
25419134
104229276
57265206
56489544
8279138
1747928
25294876
93278506
52137608
118404073
69990110
66441777
98857383
25239452
134144310
10170866
11520176
6587505
66550586
92569918
23060865
77444850
31384154
23035300
127149538
29325349
80518556
86144133
92190590
76455455
4461790
26158676
18373939
24653663
13404614
79432317
56507365
11901394
96084628
119163543
128546981
105153569
91946607
83181485
65157090
101278789
36167966
114990048
13865286
102091045
61262598
32467214
42883087
91092868
129261799
85743929
86536781
63836378
95145217
119474204
46210252
92270467
78064423
59058478
124803859
48912847
120966508
129735437
91327596
36217903
125882034
50863801
41430590
108958553
109594958
48745017
33445713
36600339
116128714
33677161
47007851
124279214
43764547
115549622
82474341
128394324
55463915
9800663
109921438
122712296
16428189
79813221
99967435
25335963
34656492
34196300
75038686
75471158
21837935
98122169
100514238
14881889
49522488
50058
45389396
104480841
133238412
346249
114802003
22891
103846478
49330486
72473301
106644308
5636340
59179675
112242963
110674536
84147114
105393921
109745656
13869228
101541016
62670170
102584258
124312412
7671092
77851939
120797884
101285037
33128058
110473552
55058178
67280126
31753630
19510120
9231992
19208670
25802930
48155254
701920
42583298
3725559
120402345
74343625
79991338
48729556
25749245
76821030
2963609
67764641
22622680
133208505
85995556
134002407
31467818
64786742
625823
34704666
102993018
87114691
77365636
6521952
127267151
72976888
57336556
102113204
130648048
52629984
62895365
3316749
35776345
62132363
72820820
26581356
44967626
51159837
127619006
130275681
103120264
100285190
7288873
109382245
133860106
121070505
99659467
119330133
108958676
55051447
131631181
73542242
60601282
123797183
62479058
38472198
94356999
95754915
48188567
28553552
50331997
103453665
64530913
129173942
20451132
75576386
77840003
47161656
608552
23178577
24438665
31660923
114414907
9842597
45794525
6402679
20773336
74867128
98740165
69612203
24807699
118692263
116022509
116140909
117225625
67657743
34593827
100744111
100406539
28763033
18356196
7328606
102759651
111462108
23592653
118627264
87760391
73442813
3469227
79201743
39441903
8976541
16859755
65350452
110165956
103355914
132891659
41829024
108969204
132273511
120823755
36396862
59630691
105854614
10402837
114707208
115303856
105751196
101002568
82512296
2031875
35019174
59302516
17184936
111091238
80798337
107716480
63191607
118096858
34027428
14790318
24915955
56946317
82794493
62438012
80285323
44894679
26389963
29799504
18481924
124094884
8608482
66615285
48572713
34809627
111805255
1550180
99063339
86909691
34930359
38703810
83244816
74628274
96743482
44655888
44028954
82108622
116083339
130119905
97278173
80012721
22764870
62052389
6399376
110482099
89872652
104555785
132375169
93115502
38361584
133500206
12061385
57766870
32219236
80653699
7103178
102990125
108807739
90255136
95716086
9908446
41866519
69223884
103951568
84742342
88156738
126488693
107435361
95116120
52980208
131694787
46746517
39342354
77297923
39032959
34587858
107363430
27245153
106291056
134051842
5040383
66231886
115988615
97901051
31287485
34299604
129722776
126675513
33330284
119469940
97049724
82528677
72011065
79021096
77690940
33618903
103853590
30109246
16230602
70240822
