81569285
79463511
71000062
35226847
48622786
31802431
124570722
43635832
43203911
99637171
60554436
108864162
58011214
20266087
107621411
17832991
59394779
89847986
34474471
29017204
128655802
83279854
112270832
108035186
28904712
76668602
70999661
34927570
23352436
33715176
133104978
117313522
87310247
52441813
100917934
90370157
67653554
128181649
102384418
9833389
53444962
33565271
107162011
60945789
23782567
76152284
63906434
125833180
30646890
97378491
61841085
11585186
65779866
36686391
115024897
40385211
122939997
80753488
13535064
13635211
51014974
106886013
51638696
11678933
29386818
61143401
104680426
11855222
130383016
127265349
99342509
38523402
15362618
79664704
441823
101769244
17886339
20699507
96407198
98853397
129035337
5910355
76821126
102574404
114386369
6381256
41438317
59034418
99205774
101505139
108036719
89566986
50161758
50784292
93449561
114742271
71825082
103347265
109865353
9184100
62352803
113020469
36595221
102764781
125893482
116730306
131386888
78900640
36717471
66387278
90906061
36824630
87593144
32869479
61156200
82902761
46890738
132078588
33178762
55015198
1532605
27747959
82138100
77082521
45153821
101498291
37495908
113920808
14497615
57834150
89529447
128669533
15517145
66108225
111556453
60574931
1320280
22955110
35338613
58302781
5406326
110116244
107835502
78380739
16201901
57109755
131377654
67401436
32992201
75628110
115801139
111027023
80967090
102864936
94965093
11779817
38124208
69738185
98263553
131128696
60979835
60150395
32466647
32701054
21203879
84740840
56684940
32262294
26741578
8745453
100561067
105039024
8038350
113323881
84736388
124723166
121140637
43670403
87651143
44111946
12041386
98067994
22356835
59700834
108491577
35643998
94179254
117710444
66034668
970873
71930729
118135750
59270485
112394363
20700377
50713191
114370424
124984090
84519973
45103052
21857334
28705112
42139675
115194428
97809023
29153529
108981454
44273067
25918604
34991766
50964383
114006076
58045125
120261207
25958149
64937139
31089858
45841525
117387225
71698483
113875201
74149410
108776248
33650997
55854891
79412915
103196749
75935117
122668650
84278597
97413553
38490501
61384347
11222957
108499462
37525235
28852603
76579450
112179381
14370846
70372591
23596076
16905706
75487180
122987708
95213795
119694873
24217046
6179461
73842153
63746033
57202974
132836275
111118340
53535454
31395858
104138746
26453162
123626701
125697471
90525535
14014678
37260409
75219730
39779977
113440410
12147941
3439173
96610533
453260
80181187
126342616
57013651
116733106
81575262
106995517
120294299
105574537
77909682
40528410
31697870
65667733
105283285
102945202
46694187
86112122
129855683
133402233
24959395
120939485
91824426
8935202
82580222
48111563
83446305
7661743
86340184
111995210
72008266
73412275
65882134
121347181
42162243
82275754
845403
41392835
125341753
100612816
28017786
59776092
69367993
46061820
126864934
621623
43148532
70401814
24090089
98313494
26971995
12710704
13227512
15330649
30021365
20077151
98075710
884330
103530720
120880501
60750732
71038897
92962660
43619124
29236186
96676573
69893146
38276254
123602643
7433206
129129133
69789465
76956347
133864018
53110447
47732723
89474220
120781908
32064906
79500991
128989895
44548689
94759999
58288710
100201129
28161241
125125880
13279014
126727923
125273143
120330092
82360825
104845197
68917110
66061365
124676149
65099185
52361919
46015365
75274023
117681449
94774815
29226253
29730416
76599783
111779425
106920417
58694256
45743592
103333458
79730591
103329390
14790308
133557434
6929643
133236932
27564359
52816631
68649947
99755106
70631538
66023964
112003894
110557203
9234863
42806972
74042346
7178680
19154141
103047150
73317576
4400575
103835008
57139128
87709778
133110302
127509694
55193249
49266149
10185660
63249507
87468118
130123666
124454576
88889377
4737483
59861749
25534111
84678343
58812054
88597069
11605152
33203172
88701361
65421139
7683858
7942901
53437223
117371136
56319010
50229030
6484404
42102829
59782630
50401944
36936194
11458173
83067727
14818447
68585340
19402932
34082714
1139567
115117928
42035219
23942909
125511063
41058513
92887687
130050429
99324043
7599689
103418945
78511431
68530319
81390956
17122856
793438
117739512
23485458
30333632
19518520
125333987
76085012
44277760
33765962
32918559
57603693
538757
24353075
79139840
65261893
31301442
98158287
74719899
36615124
53898963
124714379
83884459
51052777
75391211
2266803
57745228
33752850
62594028
81422988
2690427
69627986
46166017
60712951
42204063
55692354
28325230
129044476
41566187
47546184
35069756
33788965
7993573
86880085
118470239
24461985
22506892
19322341
18184553
6448359
4418068
113674248
5028850
124896283
129904529
128836739
255434
44340202
101608484
78052132
26882538
61801140
19850168
113174560
95011735
62921581
1751836
63976176
34024129
115653864
70085526
106751402
84745409
92084354
44463415
19414124
60755963
93159960
117105511
104338018
100293880
105623325
26358484
126476418
27841701
848877
68198441
104043893
26651126
67536958
22672354
131505853
13145382
32081325
58756351
111280743
115842510
90725212
33499484
18625513
8942526
71296956
65388564
38303812
126603583
117067345
80804205
123141937
93842087
42877949
62673667
64770550
5267952
28846570
71250345
24606365
74127634
95884206
67535388
48377033
99720291
57965523
56044923
1244123
94935750
22677757
71053425
80261586
65430019
107729252
124961981
46480147
64321259
82377333
45110968
81607546
15050788
116056572
62106140
260035
66599959
106221910
74349729
17685784
108938920
7872010
134126418
11426721
32023843
85015832
80706038
93886932
57658631
104395097
22557973
127556067
22561810
84763635
60709806
126474257
65341873
66463539
42193826
42820452
39332978
76188608
109349873
102773825
68064658
107880166
54368798
76026367
10853138
4054705
45994507
60644537
115343124
38644391
103067832
93966487
89499410
43587373
129528164
54940405
48813309
4705818
87825997
127625375
36832451
49780865
80776058
48537736
28038559
119643418
61019031
81640388
124104384
7099870
19929298
19500424
30397502
4983990
187184
48508504
106168806
116140261
18310032
116740104
70672959
25193470
98155078
51252884
40546483
97018397
37724003
41207885
91713490
24695228
79654013
21656430
106180636
105594966
121568856
133019023
99522126
49347352
50700937
100692039
4535903
39802106
35150201
92007904
64765939
122762364
78009612
123000317
56315062
132121839
98704596
11970580
13708231
105486783
81144730
66940333
86454378
28730059
48170361
75168587
62817276
94941919
89834611
33739817
54695820
63772380
29947677
40971767
49447769
25285857
28913458
42074283
70182670
10298047
104825035
89963483
123947615
65553910
92321918
44519694
72993937
63044287
68238629
37777425
123025021
94468431
128764560
101333033
36271486
99365833
65827492
82997935
21461185
78295249
112680313
102248896
121369880
44713321
36855466
32913340
94837306
100700322
40519583
119458120
21916540
999615
61453578
16873352
40521523
39649045
64443153
39711411
49439805
117195590
71316718
73925595
68856717
99512841
123501232
20504710
1951752
56431409
77651645
59687454
6921749
90911951
81386387
74741434
16492658
46250570
38476830
33981765
53269290
91942505
122510307
49465811
110032128
36350925
91832812
118532342
2370805
90670256
121855368
77794471
86395869
132722041
39207796
99514649
33199668
101050603
117209546
58313265
119147153
33019544
42007986
123097732
118730753
66220164
101868577
2976088
65330012
28305817
59417381
127418802
119295305
24914727
89229357
14726304
19156418
13308766
97512738
24088668
120146766
60347497
23436734
92137480
87624148
108534371
120498743
61663047
9448736
43858955
86378009
48468319
6310833
51232926
129183836
48887865
36552603
72514806
133168504
33271036
23271565
85658910
100065139
44029855
18117177
28570926
1891833
107634317
57475958
70968101
51997833
109568853
28336120
112889416
101789189
18945723
47018305
63023624
105077363
113493409
107022358
164634
30674940
133630640
123699243
62396883
134138517
20606519
128675034
45225755
85237578
81104956
25709213
18289154
53230123
62973265
24029056
7522178
52934736
46535656
104334893
70578332
72438882
80629180
48617010
11419605
41467002
112456297
33161274
92652841
38740655
8023577
99267303
79143185
33453066
54816405
17630358
32490078
108633897
41400356
96969312
4496123
128266854
104223904
125353290
26242780
38304841
5022187
3393950
40581240
91145722
3019815
1067737
57052434
62344062
130052622
3805739
131495200
116077704
8862378
106127397
117647751
119088400
40890256
40603017
62278268
68919277
82820386
82639232
122077645
28149667
125694225
71553518
52758414
124822002
115143692
64993385
26951316
92254638
34356989
112064977
10343607
29169315
22018804
121085749
32988312
97679825
91497224
67690240
72796689
16508167
115465709
54665507
105814845
12830606
101438195
16249359
24959133
112241318
92079675
1615762
52976177
44284790
7639953
109516616
19469704
118191439
43540373
100195720
14712805
110785971
93821722
22128107
39121258
12536464
85805782
45664048
89858918
19275076
109724368
97547812
116906348
130204546
90317774
119203861
100295419
81641994
14188200
27434036
92176278
58384599
12135126
71194466
66275511
50521229
61693988
87378565
48564268
49651281
46494298
48991551
64828341
103124931
39728280
7435121
35691279
3340462
6677367
86026278
131412760
116986446
73794056
127309367
105725315
107277774
100316287
133107445
35131889
86184761
59642037
77972020
71925128
100403291
15089685
119155665
91374668
39757757
131061130
97151295
4011102
